0.042053,0.030060,0.024323
0.033112,0.027740,0.023834
0.028030,0.022781,0.018494
0.049042,0.036774,0.029526
0.036438,0.031677,0.027298
0.040466,0.031342,0.027390
0.043976,0.035278,0.031616
0.025909,0.017136,0.012253
0.024170,0.016342,0.011787
0.198242,0.112671,0.071045
0.196289,0.115173,0.074402
0.281250,0.172974,0.115479
0.119446,0.064636,0.037262
0.154053,0.086243,0.051666
0.249634,0.153076,0.103394
0.127319,0.073364,0.046387
0.205444,0.120239,0.076965
0.277344,0.176758,0.120544
0.018387,0.011177,0.008675
0.032471,0.024673,0.020615
0.021286,0.015015,0.010704
0.026535,0.016235,0.012589
0.029968,0.021332,0.017944
0.027863,0.018875,0.013222
0.027603,0.019943,0.015358
0.017426,0.011749,0.008781
0.018784,0.012390,0.008621
0.341797,0.217285,0.150513
0.252930,0.150269,0.096619
0.250977,0.154541,0.102234
0.308105,0.196777,0.137085
0.299316,0.187256,0.131592
0.530273,0.344971,0.251221
0.454834,0.298828,0.213745
0.379639,0.250488,0.181519
0.526855,0.345215,0.254639
0.048523,0.037201,0.030701
0.039246,0.030136,0.023026
0.027908,0.021515,0.015976
0.037872,0.033020,0.029037
0.038818,0.033112,0.027435
0.036041,0.031799,0.027420
0.289307,0.174683,0.122009
0.254150,0.152832,0.105164
0.395264,0.252197,0.190918
0.273438,0.165527,0.115234
0.151367,0.083923,0.053070
0.242676,0.154053,0.110046
0.036560,0.025223,0.021347
0.033447,0.024384,0.021164
0.034302,0.024429,0.020584
0.018219,0.012993,0.010559
0.031952,0.021240,0.018188
0.254150,0.143799,0.090820
0.213501,0.108215,0.069824
0.168579,0.083374,0.054138
0.424316,0.283691,0.204346
0.229980,0.134033,0.088440
0.018646,0.013206,0.009987
0.017624,0.012100,0.008408
0.032990,0.024155,0.017227
0.018799,0.013451,0.009224
0.033051,0.024872,0.018616
0.038757,0.029297,0.021286
0.333496,0.213135,0.148804
0.299805,0.198608,0.141968
0.317139,0.212891,0.154785
0.257324,0.165894,0.114380
0.328857,0.214844,0.151123
0.353516,0.233643,0.161499
0.008636,0.006634,0.004807
0.013153,0.009804,0.007088
0.011589,0.008789,0.006069
0.011093,0.008774,0.006508
0.010048,0.007294,0.004833
0.009819,0.007496,0.004559
0.008392,0.006504,0.004570
0.007935,0.006737,0.004910
0.010910,0.008064,0.005108
0.500977,0.424805,0.335205
0.474609,0.339355,0.251465
0.402832,0.275879,0.206543
0.097168,0.064392,0.042236
0.306152,0.220825,0.152222
0.065613,0.041901,0.026962
0.048828,0.031219,0.019394
0.177368,0.121765,0.082153
0.119934,0.078674,0.052002
0.014778,0.009972,0.006626
0.012375,0.008377,0.006031
0.008400,0.006008,0.004005
0.031342,0.024017,0.017914
0.031647,0.024368,0.018082
0.019135,0.013153,0.008766
0.029968,0.023209,0.016800
0.010368,0.006779,0.004692
0.011055,0.007103,0.004253
0.087585,0.051544,0.033844
0.098999,0.058228,0.036102
0.100586,0.060272,0.039307
0.096191,0.061157,0.041779
0.086304,0.051697,0.033478
0.110901,0.071533,0.049469
0.083801,0.051300,0.032379
0.106323,0.064575,0.039948
0.074463,0.044312,0.028015
0.022476,0.015930,0.011368
0.024216,0.018433,0.014038
0.041931,0.031113,0.021866
0.023422,0.016800,0.012482
0.044922,0.034546,0.025696
0.044434,0.035217,0.027756
0.501465,0.323730,0.229004
0.456299,0.305176,0.218628
0.474854,0.312256,0.224243
0.419434,0.278809,0.197388
0.542969,0.348389,0.249878
0.520508,0.335693,0.244507
0.030243,0.025391,0.022507
0.038300,0.029999,0.026382
0.036499,0.028259,0.023895
0.030548,0.024887,0.022705
0.033844,0.027039,0.024048
0.028809,0.023224,0.020126
0.031097,0.026138,0.024063
0.023651,0.018463,0.015900
0.016647,0.012901,0.010147
0.526855,0.374268,0.313232
0.497559,0.332764,0.259521
0.590820,0.558105,0.473145
0.428223,0.279785,0.213379
0.407227,0.272461,0.212524
0.240112,0.160156,0.120239
0.442627,0.304932,0.234863
0.418945,0.290283,0.223267
0.150391,0.097961,0.070374
0.011475,0.008614,0.006477
0.006474,0.004532,0.002790
0.006416,0.004517,0.002928
0.011475,0.008507,0.006775
0.005367,0.003428,0.002390
0.022888,0.018341,0.012611
0.018677,0.014328,0.009995
0.022156,0.017670,0.011879
0.401123,0.241089,0.181641
0.222046,0.106628,0.074768
0.161255,0.069214,0.045990
0.162476,0.077209,0.050049
0.562012,0.402344,0.325684
0.180420,0.081970,0.057861
0.309326,0.200195,0.146484
0.557617,0.453369,0.373535
0.055267,0.042175,0.035858
0.075928,0.054260,0.045227
0.057068,0.041779,0.035583
0.066895,0.049561,0.041168
0.072815,0.051392,0.041443
0.041473,0.031235,0.026657
0.366455,0.237793,0.178711
0.306885,0.200439,0.155151
0.301025,0.199341,0.150635
0.291748,0.194458,0.146606
0.278320,0.187500,0.141724
0.290283,0.191528,0.144897
0.046509,0.034912,0.029892
0.064148,0.046356,0.038452
0.037140,0.027451,0.023987
0.072449,0.050385,0.041199
0.033447,0.026962,0.023605
0.030975,0.024521,0.021423
0.316895,0.209229,0.159912
0.257813,0.170288,0.128906
0.220825,0.146118,0.111511
0.357178,0.239868,0.185181
0.332764,0.220581,0.170166
0.332031,0.217651,0.167847
0.014381,0.010330,0.007572
0.011467,0.008179,0.005737
0.015175,0.012848,0.009567
0.021133,0.015091,0.011475
0.015083,0.010788,0.007801
0.009956,0.007332,0.005531
0.070129,0.044098,0.031174
0.134888,0.094238,0.072510
0.046417,0.029755,0.020187
0.076782,0.050323,0.034821
0.067261,0.043762,0.029739
0.049194,0.031860,0.022095
0.017136,0.010353,0.006680
0.017609,0.011726,0.007214
0.012390,0.009018,0.005867
0.012047,0.008530,0.005188
0.013756,0.009102,0.005592
0.028519,0.018387,0.013924
0.220337,0.143188,0.100159
0.146484,0.105408,0.075073
0.321289,0.210327,0.157471
0.205811,0.145142,0.104553
0.207397,0.119934,0.083435
0.213623,0.160767,0.118042
0.028778,0.024536,0.020584
0.028259,0.023056,0.017242
0.035706,0.031830,0.028564
0.032928,0.030121,0.027283
0.030640,0.028320,0.025162
0.038483,0.033875,0.029953
0.144897,0.090759,0.060089
0.121826,0.069580,0.042206
0.094604,0.053619,0.032532
0.135010,0.085999,0.055511
0.135986,0.083252,0.053375
0.109619,0.062988,0.038635
0.011238,0.009407,0.007660
0.006950,0.004833,0.003038
0.012283,0.009712,0.006832
0.007549,0.005089,0.003565
0.010025,0.007790,0.005520
0.013184,0.010719,0.008461
0.009926,0.007980,0.005886
0.010559,0.008141,0.005772
0.188232,0.140015,0.102783
0.123779,0.083252,0.058868
0.130615,0.095398,0.071106
0.166504,0.103455,0.076965
0.145996,0.100830,0.071228
0.120239,0.085876,0.062866
0.201660,0.148926,0.115051
0.069885,0.047089,0.031677
0.043732,0.034882,0.027374
0.043213,0.033569,0.025925
0.040680,0.032135,0.025345
0.032349,0.026733,0.021317
0.046417,0.037750,0.030243
0.027725,0.022858,0.017426
0.038391,0.029633,0.024414
0.036926,0.029541,0.025864
0.553223,0.363525,0.274414
0.567383,0.374512,0.268799
0.561035,0.357178,0.262207
0.505371,0.332764,0.246094
0.583008,0.397705,0.305420
0.541504,0.366211,0.278320
0.565918,0.366699,0.280029
0.554199,0.369385,0.290771
0.022308,0.017990,0.014580
0.029541,0.026169,0.022705
0.023407,0.018982,0.014465
0.034637,0.030701,0.027679
0.032837,0.029343,0.025070
0.022751,0.017853,0.013451
0.022858,0.017227,0.013603
0.016251,0.010742,0.007118
0.156494,0.097717,0.061737
0.120422,0.067810,0.038666
0.135132,0.078674,0.047791
0.129639,0.071594,0.039520
0.254395,0.168701,0.116943
0.223877,0.145264,0.097046
0.207520,0.130005,0.087219
0.317139,0.219604,0.157349
0.011543,0.008827,0.005981
0.017212,0.013924,0.009705
0.008789,0.006622,0.004791
0.012672,0.009445,0.005924
0.013290,0.009872,0.007160
0.010696,0.007896,0.005276
0.015129,0.011276,0.007092
0.010460,0.008057,0.005768
0.010422,0.007935,0.005341
0.059875,0.043152,0.029388
0.033386,0.021515,0.013702
0.031525,0.020264,0.013008
0.056183,0.038177,0.025482
0.045502,0.029144,0.018600
0.047394,0.032440,0.020996
0.052124,0.034546,0.023041
0.039948,0.027542,0.018646
0.049194,0.032593,0.021973
0.038483,0.031372,0.027161
0.022430,0.016220,0.012383
0.220093,0.135254,0.090759
0.360107,0.227417,0.157349
0.009109,0.006851,0.004730
0.009514,0.007874,0.005669
0.011307,0.009155,0.006763
0.011948,0.009361,0.007038
0.010956,0.008728,0.006577
0.010384,0.008018,0.005459
0.045135,0.031982,0.022278
0.103821,0.076355,0.055786
0.154175,0.113892,0.080566
0.037262,0.026016,0.017990
0.064819,0.048431,0.035614
0.114685,0.084534,0.061646
0.021912,0.016495,0.011795
0.023376,0.017410,0.012123
0.014282,0.010277,0.006947
0.013641,0.010300,0.006657
0.499512,0.331299,0.246460
0.523926,0.334961,0.243164
0.568848,0.371094,0.275635
0.313965,0.218750,0.159302
0.009453,0.007504,0.005978
0.010056,0.008347,0.006378
0.006222,0.004574,0.003220
0.012871,0.009987,0.007507
0.009857,0.007835,0.006050
0.009125,0.007618,0.005959
0.065552,0.041534,0.028702
0.157227,0.107483,0.075317
0.208252,0.145264,0.104126
0.183594,0.134521,0.101074
0.099243,0.063171,0.043610
0.062683,0.037720,0.024704
0.024307,0.016647,0.011406
0.039795,0.030350,0.022217
0.380615,0.254395,0.181274
0.363770,0.244141,0.174561
0.031311,0.026733,0.022766
0.035400,0.031586,0.028305
0.028107,0.023529,0.019012
0.037628,0.033661,0.029831
0.032379,0.028961,0.025208
0.030807,0.026291,0.022797
0.146729,0.086609,0.052368
0.120911,0.070007,0.042023
0.140625,0.086243,0.053192
0.145630,0.088745,0.057251
0.137573,0.082764,0.051849
0.164795,0.102417,0.066467
0.038818,0.033112,0.027435
0.038086,0.033081,0.027451
0.034668,0.029724,0.024719
0.035248,0.031097,0.026352
0.357422,0.220215,0.167236
0.371338,0.234619,0.178101
0.428711,0.283936,0.228149
0.497559,0.330322,0.262939
0.019974,0.013931,0.009056
0.020844,0.014236,0.009018
0.036987,0.026901,0.018219
0.022781,0.016129,0.010658
0.019943,0.013702,0.008842
0.028458,0.021332,0.014694
0.294434,0.199585,0.140625
0.156616,0.099854,0.070313
0.243286,0.167114,0.116821
0.139648,0.090271,0.059906
0.264404,0.178223,0.124939
0.192993,0.128540,0.090271
0.035309,0.031250,0.027527
0.036224,0.032043,0.028244
0.038177,0.033905,0.030136
0.037323,0.033264,0.029510
0.099976,0.053619,0.029694
0.072327,0.041992,0.024033
0.128296,0.077820,0.046051
0.080566,0.048676,0.028595
0.025894,0.020813,0.017410
0.031067,0.026001,0.023422
0.021790,0.017090,0.013725
0.031738,0.026123,0.023270
0.501953,0.360840,0.284668
0.594727,0.578125,0.525879
0.572266,0.494629,0.432129
0.235229,0.161865,0.122131
0.013077,0.008270,0.005016
0.014618,0.009941,0.006111
0.014847,0.009743,0.006260
0.017746,0.011353,0.006241
0.012955,0.008492,0.005043
0.009613,0.005932,0.003754
0.011871,0.007038,0.004303
0.012222,0.007843,0.004635
0.011734,0.007145,0.004311
0.067566,0.043488,0.027481
0.079773,0.052795,0.034760
0.041748,0.023880,0.013771
0.082520,0.049805,0.030304
0.065491,0.038940,0.024582
0.072144,0.044891,0.027054
0.069031,0.040527,0.025269
0.048187,0.029327,0.018311
0.076538,0.050690,0.034454
0.007042,0.004768,0.003008
0.004833,0.003275,0.002333
0.005562,0.003674,0.002249
0.388916,0.254395,0.185791
0.181396,0.087769,0.055695
0.318115,0.197266,0.139404
0.010239,0.008232,0.006153
0.009140,0.007336,0.005108
0.059540,0.040039,0.027771
0.058136,0.037720,0.024445
0.017181,0.012650,0.008827
0.026550,0.021545,0.016602
0.021576,0.015686,0.011032
0.012955,0.008705,0.005478
0.018677,0.013695,0.009811
0.105286,0.064209,0.041016
0.080688,0.044128,0.024811
0.096436,0.060699,0.040985
0.078918,0.044586,0.027054
0.143066,0.091003,0.061523
0.120850,0.081909,0.064270
0.195190,0.126831,0.097351
0.171753,0.113770,0.088257
0.101990,0.068604,0.054016
0.150024,0.098816,0.076172
0.114258,0.077820,0.062927
0.252930,0.165283,0.126587
0.202148,0.133667,0.100098
0.276855,0.182617,0.136841
0.035553,0.032745,0.029648
0.035339,0.031891,0.028183
0.114014,0.067383,0.041260
0.120056,0.072388,0.044128
0.009476,0.007748,0.005585
0.011230,0.009003,0.007420
0.016006,0.012466,0.008949
0.012459,0.009789,0.007782
0.018997,0.014458,0.011673
0.009727,0.007580,0.005512
0.009613,0.008217,0.006950
0.013374,0.010506,0.007267
0.012314,0.010414,0.008469
0.126953,0.084229,0.058472
0.345215,0.265869,0.201294
0.460938,0.328369,0.243408
0.098389,0.062683,0.043488
0.283936,0.196289,0.147461
0.139771,0.096191,0.066956
0.174072,0.124084,0.090271
0.147827,0.103271,0.069763
0.195923,0.139893,0.100342
0.032990,0.026352,0.023422
0.031372,0.025162,0.022675
0.032959,0.026459,0.023026
0.031494,0.025269,0.022690
0.032257,0.026306,0.023331
0.032990,0.026581,0.023224
0.590332,0.456543,0.362305
0.493896,0.345703,0.278809
0.527832,0.368652,0.296143
0.598145,0.588867,0.586914
0.580566,0.459717,0.372559
0.589355,0.552246,0.471924
0.094238,0.065491,0.052887
0.116943,0.079102,0.062286
0.085571,0.054657,0.044037
0.099548,0.066223,0.053284
0.165527,0.108459,0.083069
0.131470,0.085938,0.066895
0.015854,0.011482,0.008209
0.027908,0.022873,0.017929
0.013710,0.011223,0.009445
0.250732,0.171875,0.125854
0.398438,0.278564,0.215698
0.120789,0.078918,0.054779
0.013329,0.009781,0.006485
0.013420,0.009789,0.006550
0.014389,0.010582,0.007008
0.017776,0.013100,0.008865
0.009430,0.007202,0.004940
0.073608,0.048676,0.032593
0.095825,0.060760,0.039734
0.094116,0.063843,0.043671
0.105286,0.071411,0.048828
0.049103,0.031616,0.020416
0.009438,0.006851,0.004478
0.014793,0.011223,0.007412
0.043457,0.028000,0.017410
0.049866,0.033020,0.021515
0.078613,0.054779,0.043427
0.045776,0.033997,0.027771
0.081360,0.059692,0.046387
0.041962,0.029861,0.024094
0.122009,0.087219,0.066711
0.108276,0.075195,0.059662
0.207642,0.138428,0.105591
0.172241,0.114319,0.088379
0.151489,0.102966,0.078796
0.238647,0.168335,0.130005
0.014084,0.011131,0.008308
0.010994,0.008621,0.006382
0.017105,0.012901,0.009171
0.016266,0.013824,0.010880
0.082336,0.056702,0.038300
0.107117,0.072754,0.048950
0.102966,0.072510,0.051453
0.134277,0.095459,0.068054
0.012695,0.009949,0.007259
0.014175,0.011505,0.008751
0.008347,0.006443,0.005123
0.009544,0.007935,0.006275
0.012405,0.010574,0.008232
0.012260,0.010063,0.007206
0.095337,0.062164,0.039673
0.103210,0.070068,0.047272
0.076050,0.049866,0.033844
0.119507,0.084961,0.063232
0.161133,0.114868,0.078430
0.159424,0.110962,0.075745
0.037262,0.033234,0.029663
0.037262,0.033112,0.029602
0.035675,0.031708,0.028320
0.038055,0.033661,0.029922
0.037109,0.033295,0.029404
0.106079,0.063110,0.037689
0.105286,0.059784,0.032074
0.138428,0.077759,0.048035
0.144653,0.085876,0.051056
0.099670,0.060272,0.035461
0.010017,0.008942,0.007282
0.010567,0.008286,0.006683
0.010086,0.007935,0.006310
0.009605,0.008064,0.006489
0.010323,0.008614,0.006100
0.013069,0.010124,0.007801
0.101624,0.074341,0.057037
0.081238,0.056458,0.040497
0.094238,0.067383,0.048401
0.071777,0.049591,0.034454
0.069031,0.047943,0.033325
0.092407,0.067627,0.048859
0.019196,0.014664,0.009666
0.013626,0.009750,0.006248
0.021439,0.016373,0.011894
0.016220,0.012085,0.008675
0.032959,0.026260,0.020538
0.042938,0.034027,0.026810
0.573730,0.369873,0.274658
0.583496,0.412598,0.312012
0.595703,0.424072,0.321777
0.556641,0.354980,0.256104
0.595703,0.397217,0.297119
0.591309,0.388428,0.289063
0.031738,0.025024,0.022507
0.028961,0.022217,0.020233
0.027191,0.020966,0.019211
0.037537,0.029663,0.025391
0.031525,0.022949,0.019791
0.032562,0.025406,0.022491
0.550781,0.387207,0.308350
0.450439,0.299072,0.228638
0.386719,0.261963,0.214233
0.312744,0.217529,0.182129
0.536621,0.355225,0.287354
0.357178,0.233887,0.180420
0.013237,0.009941,0.006256
0.013237,0.009941,0.006256
0.011810,0.009117,0.005997
0.013245,0.009941,0.006336
0.038605,0.025391,0.016083
0.037750,0.025284,0.016556
0.035614,0.023315,0.014915
0.037750,0.025284,0.016556
0.014732,0.012238,0.009750
0.011444,0.009071,0.007309
0.176147,0.124939,0.087708
0.201050,0.155518,0.119080
0.010010,0.007290,0.005257
0.014473,0.009865,0.006439
0.012894,0.008926,0.006279
0.010323,0.007191,0.005009
0.018539,0.013672,0.009651
0.009575,0.006542,0.004692
0.086304,0.054718,0.036865
0.073608,0.042603,0.025742
0.100159,0.064941,0.041748
0.117737,0.077881,0.051483
0.111633,0.067383,0.044769
0.098267,0.064636,0.044495
0.038055,0.033936,0.029907
0.036957,0.033051,0.029175
0.037018,0.033752,0.030014
0.038086,0.034180,0.030273
0.073486,0.039337,0.021927
0.080017,0.046448,0.028442
0.088257,0.060516,0.040588
0.063171,0.036377,0.021622
0.081970,0.056091,0.038879
0.039673,0.022415,0.014458
0.102722,0.065918,0.045532
0.060059,0.043060,0.030807
0.055481,0.037415,0.025818
0.076599,0.054138,0.037628
0.124329,0.073792,0.047394
0.097961,0.056915,0.035645
0.044312,0.026718,0.018646
0.174927,0.106628,0.068176
0.170166,0.107422,0.073425
0.267578,0.187012,0.143555
0.213867,0.144409,0.094055
0.186768,0.119019,0.073792
0.153809,0.098267,0.065430
0.247681,0.159180,0.106689
0.135376,0.080933,0.052704
0.024429,0.018021,0.012283
0.019653,0.014420,0.009727
0.132813,0.080688,0.052490
0.105652,0.065430,0.041260
0.017441,0.012886,0.008934
0.016663,0.013939,0.011345
0.016495,0.012756,0.009163
0.012253,0.010323,0.008514
0.013931,0.010002,0.006271
0.018509,0.014069,0.008850
0.193604,0.135986,0.094910
0.258057,0.186035,0.140991
0.350098,0.252686,0.187134
0.164185,0.109375,0.073975
0.349609,0.250977,0.178223
0.306885,0.216309,0.150635
0.033325,0.026978,0.024078
0.035370,0.028732,0.025314
0.036560,0.029816,0.026215
0.038116,0.031158,0.027481
0.598145,0.588867,0.594238
0.597168,0.587891,0.567383
0.594238,0.581543,0.540527
0.593750,0.583496,0.529297
0.042786,0.032074,0.023132
0.038391,0.028290,0.020981
0.044678,0.033417,0.023163
0.043762,0.032410,0.021835
0.489014,0.328369,0.243042
0.439941,0.288086,0.208740
0.359619,0.244629,0.178589
0.364746,0.241455,0.173340
0.025925,0.019196,0.012421
0.021332,0.015686,0.010223
0.012466,0.009621,0.006638
0.019180,0.014069,0.009506
0.018555,0.013115,0.008469
0.024017,0.018341,0.012695
0.015083,0.011597,0.008324
0.020325,0.015686,0.011642
0.216309,0.138672,0.096863
0.162476,0.101746,0.067932
0.461182,0.310303,0.231934
0.152344,0.097229,0.067383
0.540039,0.374268,0.280029
0.595215,0.449463,0.344727
0.236572,0.158569,0.114258
0.359131,0.241699,0.175659
0.025986,0.019424,0.018280
0.022781,0.017197,0.015640
0.024612,0.018524,0.017288
0.021606,0.016495,0.014961
0.027191,0.019409,0.017517
0.024902,0.016632,0.014854
0.235474,0.152222,0.119080
0.264648,0.165649,0.127808
0.240601,0.145752,0.111450
0.190063,0.128906,0.103088
0.202393,0.125244,0.096680
0.130859,0.076965,0.058136
0.013145,0.009613,0.006260
0.013481,0.009605,0.005913
0.305176,0.234009,0.177124
0.122131,0.078918,0.054138
0.011536,0.009552,0.007648
0.007809,0.005657,0.004032
0.008362,0.006470,0.004505
0.010986,0.009315,0.007133
0.010979,0.009010,0.006752
0.010818,0.008163,0.005505
0.141602,0.098938,0.069153
0.192871,0.135620,0.097229
0.194458,0.142578,0.111572
0.117065,0.085205,0.061646
0.150391,0.107117,0.076965
0.124573,0.090942,0.065918
0.010597,0.008476,0.006260
0.011635,0.009048,0.007252
0.008438,0.006798,0.005028
0.243408,0.177979,0.132202
0.220947,0.162964,0.116089
0.138672,0.101990,0.075867
0.139648,0.090576,0.071899
0.184570,0.115173,0.089539
0.191528,0.122620,0.095459
0.082214,0.056213,0.046600
0.119385,0.077209,0.060364
0.130127,0.085144,0.068115
0.130127,0.081482,0.062744
0.240112,0.157227,0.118713
0.179810,0.115173,0.089661
0.267578,0.171997,0.129028
0.013481,0.009895,0.007183
0.013672,0.009773,0.006901
0.011688,0.008133,0.006023
0.105286,0.064880,0.041626
0.089905,0.059265,0.042023
0.093628,0.058594,0.036377
0.033875,0.029160,0.024170
0.034912,0.030365,0.026215
0.036713,0.032318,0.027954
0.028061,0.023438,0.017517
0.031143,0.026230,0.020645
0.035400,0.030914,0.026794
0.515137,0.343506,0.273193
0.541016,0.365479,0.295654
0.560547,0.380371,0.311768
0.538086,0.377930,0.309570
0.358398,0.226685,0.174438
0.143555,0.074707,0.049377
0.036713,0.032562,0.028473
0.036713,0.032562,0.028473
0.036774,0.033142,0.029251
0.035675,0.031708,0.028320
0.094604,0.053619,0.032532
0.120056,0.072388,0.044128
0.106262,0.064453,0.040558
0.212646,0.145508,0.098022
0.031586,0.023758,0.020645
0.031921,0.024994,0.022781
0.031555,0.025192,0.023392
0.030273,0.021484,0.017960
0.030823,0.023209,0.020157
0.028503,0.019501,0.015488
0.028732,0.019592,0.015305
0.032654,0.025497,0.022110
0.029297,0.021912,0.018402
0.299561,0.203369,0.164063
0.211426,0.137695,0.108093
0.095215,0.055725,0.042603
0.444824,0.300537,0.237061
0.306396,0.197388,0.153687
0.404541,0.282471,0.232422
0.541016,0.377441,0.301758
0.180664,0.122314,0.096680
0.228149,0.156128,0.124695
0.029572,0.021317,0.016846
0.023651,0.016769,0.012291
0.199341,0.137451,0.104797
0.107910,0.075439,0.055939
0.028320,0.020264,0.013641
0.032990,0.023468,0.015915
0.030197,0.021545,0.014359
0.021332,0.015480,0.011337
0.032593,0.023956,0.016495
0.265137,0.176270,0.123230
0.181519,0.118164,0.079773
0.207031,0.131348,0.087158
0.208862,0.142578,0.101196
0.304443,0.202148,0.140747
0.016205,0.011765,0.007416
0.019882,0.014404,0.009071
0.207886,0.145996,0.105896
0.353271,0.238037,0.179199
0.035950,0.026184,0.018433
0.033661,0.024124,0.016190
0.036224,0.026611,0.017838
0.033661,0.025024,0.017624
0.030548,0.021652,0.014626
0.027023,0.019394,0.013008
0.266113,0.180908,0.126587
0.245361,0.160034,0.108582
0.324951,0.227661,0.166504
0.202759,0.136108,0.095886
0.234497,0.151123,0.103943
0.351563,0.238037,0.169922
0.039551,0.024750,0.016083
0.059021,0.034698,0.018951
0.020920,0.012276,0.007523
0.041565,0.022141,0.011902
0.020187,0.012566,0.008240
0.015060,0.008530,0.005840
0.138672,0.083191,0.049957
0.130127,0.079529,0.050995
0.089478,0.051239,0.028015
0.091492,0.062012,0.039612
0.040863,0.030060,0.022537
0.035431,0.025513,0.019028
0.040649,0.028778,0.019287
0.037872,0.026215,0.018433
0.337891,0.223877,0.164917
0.246948,0.157349,0.113708
0.201416,0.132935,0.099915
0.167603,0.109497,0.079468
0.014145,0.012383,0.010422
0.010086,0.007717,0.005611
0.015121,0.013504,0.011726
0.251709,0.177856,0.127808
0.361328,0.258545,0.189575
0.204468,0.151001,0.108643
0.045685,0.033234,0.029480
0.079224,0.053986,0.043945
0.033600,0.025742,0.023621
0.045532,0.032776,0.028244
0.308838,0.197876,0.152100
0.344727,0.221924,0.169922
0.312744,0.196411,0.149780
0.360596,0.224854,0.171997
0.006775,0.004715,0.003405
0.011948,0.008446,0.005989
0.013756,0.009628,0.006344
0.006023,0.004021,0.002626
0.369873,0.221313,0.166504
0.177734,0.125122,0.090698
0.314941,0.181885,0.133423
0.132446,0.084290,0.061066
0.029587,0.023148,0.020172
0.024338,0.018936,0.016541
0.030045,0.024185,0.021011
0.026276,0.020157,0.017914
0.024673,0.019150,0.016083
0.033661,0.027695,0.024536
0.506836,0.334473,0.270508
0.320068,0.197998,0.154541
0.446289,0.284180,0.221436
0.271973,0.160522,0.118408
0.587402,0.414307,0.326660
0.522949,0.345215,0.270996
0.039246,0.032288,0.027252
0.044342,0.035492,0.028580
0.032562,0.025803,0.021484
0.042664,0.034576,0.027786
0.045441,0.037262,0.029907
0.592773,0.442383,0.356445
0.594238,0.455566,0.357910
0.594727,0.439209,0.335449
0.591309,0.453857,0.348633
0.595703,0.408691,0.313232
0.038391,0.032043,0.027985
0.038696,0.033081,0.029007
0.029465,0.025330,0.021896
0.034180,0.029465,0.025787
0.586426,0.521973,0.422363
0.592285,0.554199,0.448242
0.591797,0.510742,0.401611
0.592285,0.502930,0.389893
0.124207,0.079224,0.063049
0.054871,0.035065,0.028549
0.070435,0.046326,0.037292
0.053833,0.033051,0.027313
0.031433,0.021164,0.016983
0.116882,0.072205,0.056610
0.149170,0.094238,0.073608
0.215942,0.135986,0.104980
0.102844,0.067505,0.054230
0.138672,0.086975,0.067139
0.017166,0.013229,0.010078
0.016541,0.013336,0.009995
0.014870,0.012054,0.009232
0.017761,0.014511,0.011955
0.124207,0.084961,0.061951
0.078552,0.053864,0.037445
0.104187,0.074036,0.053009
0.111572,0.079346,0.057770
0.019562,0.016281,0.013924
0.022339,0.018707,0.016220
0.013695,0.012253,0.010422
0.014427,0.012436,0.010658
0.499268,0.360840,0.278564
0.423584,0.302979,0.224243
0.537598,0.387695,0.294922
0.426025,0.300537,0.223511
0.011009,0.006363,0.003801
0.012032,0.006886,0.003967
0.011223,0.006756,0.003893
0.011803,0.007191,0.004372
0.012032,0.006886,0.003967
0.009911,0.006123,0.003672
0.036530,0.022156,0.013626
0.037415,0.022842,0.013687
0.030762,0.017868,0.011551
0.027039,0.016037,0.009468
0.035919,0.019531,0.010643
0.029800,0.016708,0.009430
0.022461,0.017044,0.014496
0.024399,0.016632,0.011238
0.021362,0.015823,0.012123
0.022430,0.014984,0.008865
0.252441,0.155029,0.117432
0.285156,0.178833,0.133057
0.162109,0.097473,0.073181
0.089111,0.056152,0.042267
0.015297,0.010132,0.006721
0.014587,0.010155,0.007206
0.016617,0.011261,0.007347
0.016632,0.011574,0.007591
0.076477,0.044922,0.027481
0.088135,0.058594,0.039276
0.124329,0.082886,0.054993
0.121094,0.076172,0.045807
0.024490,0.015823,0.012573
0.025711,0.017487,0.014000
0.025085,0.015602,0.010834
0.024658,0.017166,0.015244
0.023102,0.014641,0.011559
0.023972,0.016357,0.013779
0.024139,0.014717,0.010658
0.023285,0.013962,0.009399
0.052032,0.024994,0.017792
0.151367,0.090271,0.070496
0.217773,0.130981,0.098450
0.046570,0.023651,0.017487
0.040527,0.019287,0.012177
0.040527,0.020157,0.012527
0.064514,0.028839,0.019989
0.043732,0.020126,0.013313
0.032715,0.021255,0.016510
0.030792,0.018967,0.013260
0.035126,0.022263,0.016678
0.029938,0.019531,0.014824
0.028183,0.018158,0.012360
0.034576,0.022018,0.017242
0.041290,0.025208,0.019226
0.068909,0.042236,0.032532
0.041138,0.024719,0.017715
0.047943,0.027374,0.018967
0.019806,0.012558,0.007599
0.011299,0.007252,0.004593
0.019089,0.011505,0.006767
0.018524,0.011436,0.007389
0.010246,0.006432,0.003775
0.011299,0.006706,0.004112
0.047363,0.027969,0.016373
0.048096,0.027359,0.015610
0.038513,0.021927,0.012169
0.066223,0.041260,0.027374
0.077393,0.047516,0.029190
0.039886,0.022873,0.012871
0.012337,0.007668,0.004570
0.010330,0.006275,0.003761
0.012093,0.007458,0.004269
0.011490,0.007389,0.004890
0.035583,0.020432,0.011635
0.037415,0.022797,0.013596
0.045898,0.026215,0.014740
0.026627,0.014336,0.007347
0.033752,0.024506,0.016235
0.035645,0.025528,0.016602
0.026688,0.018661,0.011772
0.029694,0.020889,0.013222
0.021210,0.015945,0.010956
0.022644,0.016068,0.011139
0.167236,0.113831,0.079773
0.219238,0.137573,0.091187
0.204468,0.129639,0.084656
0.147827,0.099854,0.068298
0.136475,0.089478,0.060120
0.222656,0.144653,0.102173
0.037262,0.033112,0.029602
0.035828,0.031738,0.027985
0.037262,0.033112,0.029602
0.037842,0.032959,0.028809
0.036621,0.032928,0.029007
0.110840,0.066162,0.039978
0.084839,0.051025,0.033173
0.110840,0.066162,0.039978
0.051453,0.034668,0.022308
0.106750,0.063232,0.038696
0.024414,0.017899,0.016968
0.019730,0.014748,0.012962
0.024384,0.017471,0.015594
0.019028,0.014320,0.012497
0.204590,0.123718,0.094971
0.190796,0.106995,0.079468
0.179932,0.106506,0.080750
0.250488,0.153076,0.119873
0.041595,0.029190,0.025223
0.032379,0.022400,0.018066
0.034058,0.025864,0.022873
0.279541,0.175659,0.134277
0.335449,0.216064,0.164673
0.214600,0.147339,0.116821
0.014366,0.012177,0.010262
0.015442,0.012558,0.010468
0.019135,0.015587,0.012863
0.017105,0.014229,0.011337
0.017075,0.014153,0.011414
0.013756,0.011803,0.010338
0.017258,0.014412,0.011864
0.397461,0.280029,0.204468
0.434326,0.308594,0.223755
0.376953,0.261230,0.187622
0.318115,0.215576,0.158203
0.435303,0.306885,0.230103
0.557129,0.403076,0.317139
0.343262,0.245117,0.179565
0.023453,0.016754,0.014702
0.017242,0.012772,0.010841
0.023071,0.015991,0.013901
0.014870,0.010963,0.009102
0.024445,0.017853,0.015625
0.025253,0.018158,0.015640
0.331787,0.212891,0.167847
0.161133,0.102295,0.078735
0.121216,0.080688,0.066589
0.556641,0.377441,0.303711
0.415771,0.268555,0.214722
0.543945,0.352539,0.278320
0.017105,0.011780,0.008179
0.012917,0.008461,0.005569
0.018570,0.013077,0.008934
0.016602,0.011658,0.008286
0.018936,0.013496,0.009369
0.017487,0.011826,0.007561
0.023636,0.015350,0.010330
0.140259,0.087219,0.054901
0.209961,0.154541,0.102356
0.162964,0.106934,0.071899
0.081238,0.049561,0.031403
0.086487,0.054352,0.033600
0.129028,0.081726,0.054077
0.132324,0.084961,0.053253
0.025909,0.017761,0.011856
0.026154,0.018799,0.013214
0.025513,0.018707,0.013947
0.028107,0.020782,0.015915
0.025192,0.016785,0.011002
0.021744,0.015854,0.012169
0.112732,0.070740,0.051514
0.062927,0.031128,0.019974
0.046692,0.022568,0.014275
0.303467,0.194824,0.145020
0.184570,0.109924,0.078247
0.035919,0.018921,0.013298
0.015625,0.011238,0.007820
0.013565,0.008873,0.005367
0.014381,0.009544,0.006413
0.013733,0.009689,0.006413
0.111938,0.068726,0.044983
0.086548,0.051025,0.031372
0.122742,0.080017,0.054901
0.134766,0.085571,0.058258
0.039673,0.032043,0.027069
0.038574,0.031021,0.027267
0.038025,0.031677,0.027969
0.024033,0.018692,0.014313
0.029999,0.024872,0.021744
0.040222,0.032745,0.027527
0.033264,0.024078,0.017349
0.037903,0.031021,0.026474
0.035950,0.028915,0.023285
0.540039,0.432129,0.345459
0.149170,0.088562,0.063782
0.250244,0.170532,0.128662
0.586426,0.428467,0.340576
0.238037,0.156616,0.113708
0.587402,0.391357,0.301270
0.584473,0.408691,0.327881
0.460938,0.313965,0.232300
0.578125,0.377197,0.286621
0.036621,0.032928,0.029007
0.036957,0.033051,0.029175
0.051453,0.034668,0.022308
0.066284,0.047943,0.028061
0.013412,0.008614,0.005054
0.018509,0.012192,0.007771
0.012901,0.007813,0.004940
0.017929,0.011093,0.006588
0.011322,0.007046,0.004627
0.011551,0.006783,0.004402
0.046021,0.028275,0.017410
0.040558,0.023483,0.013077
0.053925,0.032318,0.019333
0.057770,0.033966,0.019852
0.062317,0.037689,0.022614
0.041901,0.023773,0.013069
0.036652,0.033752,0.030090
0.036652,0.033752,0.030090
0.037231,0.033966,0.030136
0.063171,0.036377,0.021622
0.040131,0.025726,0.017227
0.063171,0.036377,0.021622
0.041229,0.029633,0.019241
0.038940,0.027878,0.017548
0.036072,0.025925,0.016846
0.040771,0.029892,0.019638
0.037903,0.027328,0.018280
0.340332,0.229248,0.162720
0.330322,0.225220,0.162964
0.290283,0.197510,0.143188
0.221069,0.148926,0.107422
0.365967,0.251221,0.181885
0.025177,0.017563,0.011269
0.019974,0.013374,0.008408
0.022064,0.014709,0.009567
0.020309,0.013832,0.009064
0.020493,0.014214,0.009460
0.026382,0.017944,0.011391
0.022034,0.015526,0.010376
0.025818,0.018234,0.011276
0.023895,0.016052,0.009827
0.161011,0.101929,0.067078
0.201294,0.134888,0.094604
0.164185,0.102234,0.066406
0.178955,0.112000,0.075256
0.152832,0.095947,0.064636
0.121765,0.076904,0.052216
0.173706,0.112854,0.077454
0.170898,0.109314,0.072632
0.169800,0.111023,0.075134
0.039459,0.031860,0.026154
0.030060,0.023285,0.018127
0.039917,0.032227,0.025482
0.035950,0.028137,0.022522
0.036987,0.028030,0.020615
0.035004,0.025314,0.017731
0.039368,0.030853,0.024567
0.493408,0.317383,0.228149
0.400146,0.265869,0.195923
0.460938,0.300293,0.223022
0.592285,0.411621,0.312256
0.581543,0.404785,0.310303
0.595703,0.441895,0.331299
0.513184,0.333984,0.252197
0.030228,0.021454,0.015747
0.019028,0.012878,0.008926
0.013672,0.009827,0.006916
0.027390,0.019012,0.013847
0.016998,0.011749,0.007942
0.014572,0.010712,0.008186
0.160522,0.104492,0.070435
0.185181,0.118591,0.081848
0.365234,0.265137,0.182007
0.176025,0.112305,0.073181
0.154053,0.098938,0.064880
0.280029,0.189087,0.131470
0.010658,0.007648,0.005920
0.012451,0.009239,0.006969
0.012245,0.009705,0.007317
0.012245,0.009705,0.007317
0.049255,0.031708,0.021942
0.080078,0.053864,0.037628
0.080078,0.053864,0.037628
0.042816,0.026794,0.018265
0.032043,0.025436,0.022369
0.031830,0.024811,0.022156
0.031769,0.025696,0.022522
0.030869,0.024734,0.021423
0.031036,0.025055,0.022858
0.030838,0.024292,0.022629
0.592285,0.460449,0.371582
0.589844,0.541992,0.447754
0.586914,0.465332,0.374512
0.587402,0.511230,0.409180
0.519043,0.359131,0.286621
0.532227,0.355469,0.279053
0.031433,0.024628,0.022430
0.030945,0.024399,0.022339
0.030609,0.024323,0.022308
0.447510,0.298584,0.237793
0.434326,0.283936,0.217529
0.485596,0.312988,0.241943
0.012520,0.009140,0.006248
0.012856,0.009293,0.005936
0.037750,0.026047,0.017441
0.046387,0.032806,0.022980
0.034058,0.025787,0.019577
0.012680,0.010048,0.007397
0.596191,0.441406,0.331543
0.596191,0.413818,0.314697
0.030090,0.022858,0.017395
0.024811,0.017807,0.013412
0.025818,0.020569,0.017395
0.020874,0.015144,0.011116
0.594238,0.430176,0.337891
0.568359,0.378418,0.288086
0.448486,0.283936,0.215576
0.457275,0.281250,0.208740
0.017075,0.010391,0.006149
0.020279,0.012337,0.006958
0.017380,0.010979,0.006287
0.021423,0.013260,0.007439
0.021805,0.012596,0.007278
0.014427,0.008987,0.005608
0.018936,0.012215,0.007744
0.012222,0.007481,0.004269
0.012047,0.007389,0.004753
0.018433,0.010643,0.006897
0.026093,0.014687,0.009384
0.025803,0.015961,0.011200
0.029572,0.015228,0.009171
0.032959,0.017654,0.011002
0.014626,0.007843,0.005230
0.017578,0.008804,0.005070
0.013916,0.008537,0.006218
0.015793,0.008972,0.007080
0.030151,0.023727,0.021439
0.030212,0.023575,0.021164
0.422119,0.282959,0.225586
0.432373,0.298584,0.233032
0.014900,0.012894,0.010521
0.007595,0.006138,0.004551
0.013229,0.010994,0.008293
0.013855,0.011070,0.007973
0.163818,0.116272,0.082336
0.207520,0.151489,0.109314
0.146973,0.107422,0.075562
0.126953,0.087769,0.060181
0.034210,0.028076,0.023376
0.032532,0.026535,0.021378
0.032196,0.024918,0.019974
0.035248,0.028503,0.023087
0.028992,0.022446,0.017303
0.026596,0.020340,0.015381
0.560059,0.377686,0.291016
0.593750,0.429443,0.330078
0.593262,0.527344,0.413818
0.309082,0.200195,0.150391
0.470215,0.318115,0.236572
0.591309,0.403809,0.306396
0.038452,0.028595,0.019073
0.035614,0.025482,0.017197
0.038391,0.028442,0.019470
0.041656,0.030197,0.020599
0.251465,0.166748,0.120850
0.127808,0.083069,0.057648
0.119141,0.075989,0.051971
0.049988,0.028442,0.018265
0.023605,0.016815,0.014122
0.012306,0.009102,0.007500
0.023300,0.016617,0.013268
0.011559,0.007599,0.005478
0.024719,0.017761,0.015465
0.025726,0.018799,0.016281
0.443115,0.279541,0.218140
0.146729,0.087952,0.066711
0.106262,0.058594,0.044708
0.578613,0.380615,0.300049
0.492676,0.304199,0.239258
0.579590,0.381348,0.307129
0.027374,0.019791,0.017746
0.026825,0.019073,0.016708
0.030716,0.021027,0.018936
0.027664,0.020569,0.017685
0.027664,0.020432,0.017685
0.029648,0.020889,0.017624
0.025803,0.018250,0.014816
0.030701,0.021805,0.019501
0.034332,0.022446,0.020187
0.588867,0.375244,0.302002
0.563965,0.342773,0.266846
0.594238,0.373291,0.296387
0.569336,0.352539,0.276855
0.572754,0.353027,0.275879
0.595215,0.436523,0.357178
0.594238,0.405029,0.324219
0.591797,0.433594,0.356201
0.592285,0.546387,0.468018
0.034943,0.028412,0.024490
0.038818,0.031891,0.027084
0.038025,0.030640,0.026260
0.035217,0.028366,0.025009
0.591797,0.574219,0.517090
0.591797,0.558594,0.458984
0.589844,0.559082,0.470459
0.592285,0.509277,0.402344
0.025452,0.019135,0.014778
0.019287,0.013634,0.009499
0.024338,0.018005,0.013336
0.016296,0.011147,0.006969
0.024017,0.018707,0.014969
0.338867,0.209839,0.156494
0.361816,0.245361,0.186646
0.389893,0.232300,0.165649
0.337891,0.203735,0.139404
0.299561,0.171875,0.126343
0.027359,0.022980,0.019806
0.035278,0.029846,0.025925
0.027679,0.022675,0.019058
0.037781,0.031677,0.026642
0.580078,0.427490,0.332275
0.590332,0.500977,0.398926
0.592285,0.552734,0.435791
0.589844,0.501465,0.392334
0.011963,0.006790,0.004539
0.009956,0.005684,0.003609
0.011093,0.006737,0.004215
0.012009,0.007420,0.004807
0.043060,0.024872,0.014130
0.059631,0.034058,0.019699
0.058105,0.033051,0.017944
0.047516,0.025681,0.014603
0.022827,0.013405,0.008171
0.023712,0.013535,0.007763
0.017899,0.010651,0.005604
0.026749,0.016388,0.010628
0.028931,0.018341,0.011757
0.021744,0.012291,0.007671
0.019226,0.010292,0.005974
0.018997,0.010551,0.006191
0.025177,0.012825,0.007465
0.035492,0.017929,0.010399
0.023468,0.013069,0.007168
0.038239,0.020569,0.012627
0.024155,0.013756,0.008636
0.022568,0.013390,0.008949
0.026093,0.013741,0.008484
0.024094,0.014107,0.009796
0.021530,0.014587,0.011475
0.016617,0.010910,0.008163
0.023102,0.015930,0.012558
0.022400,0.015266,0.010941
0.025497,0.018402,0.015732
0.559570,0.349121,0.273682
0.585449,0.367920,0.282227
0.148682,0.084595,0.064209
0.144653,0.081909,0.062561
0.580566,0.362793,0.286621
0.011436,0.007511,0.005402
0.013657,0.008957,0.006420
0.019653,0.013306,0.008873
0.025238,0.016251,0.012543
0.020401,0.013184,0.009903
0.035675,0.022415,0.016769
0.011940,0.006302,0.003323
0.013199,0.007217,0.003952
0.013451,0.007488,0.004536
0.009712,0.005550,0.003080
0.013931,0.007214,0.003834
0.011940,0.006714,0.003513
0.019394,0.010620,0.005783
0.019440,0.010452,0.005569
0.019852,0.011063,0.006405
0.018997,0.014503,0.011948
0.017487,0.012680,0.009499
0.030807,0.022522,0.016083
0.022751,0.017014,0.014122
0.020096,0.015450,0.012077
0.049377,0.034851,0.024734
0.046875,0.034760,0.028351
0.036652,0.026337,0.019516
0.247070,0.162231,0.116211
0.416260,0.283691,0.214600
0.382080,0.249023,0.189819
0.244385,0.162720,0.116882
0.361572,0.253418,0.197632
0.253418,0.160645,0.106201
0.155029,0.100220,0.065491
0.318604,0.208008,0.152100
0.014297,0.010376,0.007866
0.015327,0.010895,0.008438
0.021698,0.014664,0.010941
0.016663,0.011971,0.008698
0.016357,0.011940,0.008469
0.017654,0.012589,0.009308
0.290527,0.183838,0.120239
0.242310,0.158813,0.106018
0.261230,0.179199,0.131592
0.206055,0.135864,0.093750
0.234375,0.153564,0.104309
0.265625,0.179321,0.128418
0.010178,0.007072,0.005367
0.011505,0.008286,0.005543
0.011688,0.007618,0.004921
0.015060,0.011292,0.008308
0.010696,0.007397,0.005383
0.222046,0.150391,0.107544
0.176880,0.117249,0.079590
0.128662,0.080872,0.052307
0.151123,0.097229,0.066284
0.139893,0.089844,0.057983
0.014000,0.011154,0.009506
0.009926,0.007603,0.006645
0.023834,0.020325,0.017075
0.015152,0.012848,0.010849
0.153442,0.110168,0.081787
0.145874,0.103882,0.074951
0.190063,0.137085,0.100464
0.249512,0.172241,0.123413
0.014557,0.012024,0.009758
0.017624,0.014885,0.012100
0.151245,0.106873,0.075195
0.137939,0.100586,0.074768
0.024445,0.013870,0.008011
0.028305,0.017288,0.010231
0.023575,0.014351,0.008232
0.033325,0.021378,0.013268
0.035706,0.023193,0.014420
0.018539,0.010803,0.006184
0.019897,0.010704,0.005928
0.038818,0.021164,0.012535
0.019409,0.009811,0.005493
0.037567,0.020248,0.011574
0.019577,0.011703,0.007370
0.017563,0.010338,0.006290
0.022583,0.013580,0.008102
0.012939,0.007755,0.004616
0.021317,0.013130,0.008430
0.026703,0.017120,0.011230
0.020081,0.013077,0.009300
0.026306,0.016525,0.010086
0.045135,0.031433,0.021530
0.092041,0.055573,0.033478
0.098755,0.061249,0.037323
0.089294,0.056519,0.035675
0.060394,0.034882,0.019409
0.067017,0.039764,0.025711
0.095520,0.061798,0.041321
0.150757,0.092712,0.059052
0.029709,0.020493,0.014969
0.028290,0.018982,0.013123
0.027985,0.018341,0.012131
0.031464,0.021713,0.017075
0.029007,0.019684,0.014893
0.027512,0.018646,0.013733
0.031860,0.021576,0.017609
0.027298,0.018387,0.012611
0.066895,0.042145,0.034241
0.111694,0.078796,0.066956
0.590332,0.485107,0.402100
0.042969,0.028198,0.022339
0.037872,0.025177,0.020325
0.061859,0.037323,0.029449
0.043182,0.027679,0.021164
0.506836,0.389648,0.321533
0.021210,0.017288,0.012474
0.020462,0.016174,0.012825
0.280029,0.188477,0.131104
0.270996,0.178345,0.124695
0.033905,0.023514,0.015137
0.032013,0.022644,0.015839
0.037292,0.027206,0.019073
0.035828,0.026062,0.018127
0.033173,0.023422,0.014725
0.013626,0.008102,0.004143
0.018082,0.010818,0.005947
0.053101,0.025040,0.015869
0.253418,0.168335,0.126587
0.358887,0.232300,0.170898
0.210815,0.142334,0.104675
0.314453,0.213745,0.154297
0.059998,0.028885,0.017319
0.070984,0.039917,0.026291
0.040833,0.033264,0.028809
0.040405,0.034027,0.028885
0.591309,0.482422,0.378906
0.593750,0.489258,0.386230
0.014175,0.011833,0.009750
0.010086,0.007835,0.005268
0.015778,0.013229,0.010513
0.011925,0.009651,0.007401
0.124695,0.085449,0.058472
0.109070,0.076477,0.053986
0.126831,0.089783,0.063232
0.087097,0.060303,0.041870
0.028992,0.020126,0.015396
0.028320,0.018829,0.013885
0.099182,0.061218,0.046692
0.059113,0.033081,0.024231
0.033325,0.026810,0.020950
0.032990,0.025940,0.020035
0.022415,0.017303,0.012917
0.040131,0.032562,0.027466
0.040710,0.032898,0.026718
0.028580,0.022202,0.016418
0.595703,0.417480,0.315674
0.594727,0.458740,0.362793
0.595215,0.514160,0.396973
0.593750,0.500488,0.398193
0.594727,0.447021,0.339355
0.595215,0.483643,0.373047
0.033020,0.026382,0.021027
0.031067,0.024673,0.019455
0.039795,0.032257,0.026291
0.037323,0.031006,0.025665
0.020233,0.016998,0.013634
0.594238,0.552734,0.444092
0.593262,0.507813,0.401123
0.594238,0.531738,0.414551
0.595215,0.513672,0.398682
0.584961,0.444336,0.341309
0.011925,0.007996,0.005367
0.010422,0.006756,0.004318
0.093750,0.056793,0.036621
0.212646,0.134521,0.086487
0.025696,0.018066,0.012428
0.034729,0.024460,0.016571
0.460449,0.295898,0.219360
0.387939,0.254150,0.193481
0.028870,0.020706,0.016830
0.033966,0.023773,0.020996
0.595215,0.517578,0.428955
0.578125,0.526855,0.466064
0.036926,0.024704,0.016098
0.038818,0.026855,0.017487
0.039673,0.027924,0.018311
0.034637,0.023438,0.015945
0.044830,0.025864,0.016907
0.151001,0.096863,0.068665
0.058136,0.032532,0.020813
0.066650,0.040222,0.028183
0.030212,0.024612,0.022491
0.032227,0.025787,0.022842
0.032928,0.026489,0.024551
0.031586,0.025681,0.023529
0.591797,0.462646,0.368652
0.589355,0.512207,0.423584
0.590820,0.481445,0.385010
0.591797,0.469238,0.380127
0.056519,0.034058,0.028061
0.141479,0.084900,0.065735
0.147461,0.091187,0.068054
0.063477,0.036285,0.030228
0.246582,0.151611,0.117615
0.050232,0.030487,0.025146
0.377441,0.237305,0.181030
0.420654,0.271240,0.212769
0.402100,0.261230,0.197021
0.027435,0.018188,0.010826
0.027420,0.018127,0.010719
0.027588,0.018219,0.011208
0.030472,0.020691,0.012444
0.024139,0.016174,0.009872
0.023865,0.016083,0.010620
0.079773,0.050934,0.033875
0.046844,0.030396,0.020340
0.037140,0.023605,0.016418
0.066162,0.044342,0.031036
0.034027,0.021225,0.014587
0.097229,0.064026,0.047150
0.036713,0.032318,0.027954
0.157104,0.081970,0.052795
0.017380,0.011536,0.007744
0.020706,0.013863,0.008926
0.099976,0.060760,0.036224
0.110901,0.067627,0.042450
0.023285,0.018295,0.013260
0.022491,0.018875,0.014023
0.018677,0.014328,0.009995
0.022491,0.018875,0.014023
0.575195,0.433350,0.364502
0.393311,0.230713,0.172485
0.523438,0.350342,0.278320
0.522949,0.350586,0.278809
0.024841,0.016800,0.010712
0.024643,0.017136,0.010963
0.023972,0.016449,0.010155
0.173096,0.107788,0.071045
0.345459,0.275391,0.201416
0.125854,0.080139,0.051392
0.017441,0.011581,0.007843
0.050446,0.037048,0.027069
0.018982,0.012802,0.008820
0.053711,0.040131,0.028641
0.015656,0.011765,0.009354
0.194092,0.134155,0.096008
0.202515,0.134399,0.095154
0.187500,0.118530,0.077881
0.165405,0.108643,0.072998
0.184814,0.118225,0.080200
0.021820,0.015472,0.010498
0.019440,0.013908,0.010155
0.019943,0.013420,0.009697
0.016479,0.011620,0.008118
0.015701,0.011124,0.008408
0.021439,0.015350,0.010315
0.019638,0.012794,0.008545
0.249634,0.165894,0.117310
0.262207,0.168457,0.114380
0.288818,0.186157,0.130737
0.272217,0.178345,0.124817
0.188843,0.122375,0.086060
0.245239,0.157959,0.112610
0.243896,0.167358,0.125244
0.020416,0.014442,0.010887
0.018707,0.012100,0.007355
0.016861,0.011810,0.008865
0.016830,0.010262,0.006664
0.215088,0.140869,0.109497
0.054199,0.030563,0.024246
0.040466,0.023239,0.017487
0.031006,0.017349,0.013542
0.011528,0.006390,0.003704
0.015213,0.008736,0.004959
0.010925,0.006702,0.003998
0.015129,0.008331,0.004387
0.021072,0.011948,0.006432
0.021072,0.011948,0.006432
0.017319,0.012115,0.007942
0.014839,0.009583,0.006187
0.018250,0.012665,0.008591
0.204834,0.133667,0.092651
0.148926,0.103577,0.075317
0.161011,0.103577,0.069763
0.033173,0.022064,0.018265
0.028885,0.018661,0.014084
0.056519,0.035217,0.028549
0.029526,0.018616,0.014076
0.119324,0.077759,0.061462
0.037872,0.024719,0.019760
0.020386,0.014229,0.010254
0.016235,0.011230,0.009048
0.017181,0.012482,0.010345
0.012604,0.008881,0.007538
0.034760,0.018280,0.012627
0.040588,0.020370,0.014107
0.030365,0.015762,0.011513
0.030243,0.015121,0.010162
0.041656,0.034027,0.029144
0.041626,0.033569,0.027863
0.039398,0.032104,0.027176
0.037445,0.030914,0.026901
0.041290,0.033997,0.029205
0.037842,0.031342,0.027725
0.035950,0.029633,0.026596
0.034668,0.028549,0.025223
0.032593,0.026398,0.023697
0.034698,0.028397,0.025452
0.033173,0.027130,0.024597
0.594238,0.556641,0.465332
0.594727,0.563477,0.458984
0.593750,0.538086,0.440674
0.590820,0.511719,0.408447
0.587402,0.543457,0.451904
0.592773,0.527344,0.431641
0.593262,0.573730,0.481689
0.589844,0.539063,0.443115
0.591309,0.485107,0.383301
0.597656,0.586914,0.504395
0.594238,0.569336,0.478271
0.028412,0.018860,0.015144
0.029755,0.020279,0.015930
0.030518,0.020218,0.015228
0.028168,0.018082,0.013527
0.032715,0.023575,0.015945
0.032288,0.023209,0.015366
0.033478,0.024124,0.015854
0.030838,0.022308,0.015167
0.036713,0.026871,0.017944
0.030243,0.021271,0.013939
0.030106,0.021988,0.014687
0.061493,0.033722,0.024948
0.115967,0.069824,0.051880
0.041382,0.022308,0.015114
0.051086,0.027496,0.018372
0.142456,0.095032,0.065674
0.208862,0.135498,0.087646
0.171997,0.116333,0.080688
0.077393,0.048004,0.030533
0.168335,0.107361,0.071350
0.105591,0.068359,0.047119
0.062561,0.040344,0.027176
0.016815,0.012245,0.008797
0.013596,0.009933,0.007332
0.027740,0.020706,0.015747
0.017395,0.013176,0.009399
0.095886,0.056732,0.045624
0.105469,0.062164,0.049133
0.314941,0.191528,0.146606
0.284424,0.173218,0.134277
0.589844,0.485352,0.383301
0.526855,0.356445,0.269531
0.592773,0.470215,0.365723
0.592285,0.461182,0.359375
0.458984,0.293213,0.234131
0.528320,0.344971,0.282959
0.012344,0.009575,0.007896
0.010529,0.008530,0.006657
0.010529,0.008530,0.006657
0.012093,0.010101,0.007851
0.095520,0.066223,0.046509
0.095520,0.066223,0.046509
0.090759,0.064331,0.045349
0.090759,0.064331,0.045349
0.020844,0.013016,0.007320
0.020569,0.013260,0.007534
0.012512,0.007874,0.005024
0.019318,0.012032,0.007122
0.017288,0.010796,0.006500
0.015045,0.009926,0.006489
0.037964,0.019302,0.011581
0.037323,0.019287,0.011620
0.035095,0.018692,0.011902
0.036713,0.018784,0.011337
0.040070,0.020264,0.012596
0.036713,0.018555,0.011383
0.011902,0.009224,0.006504
0.009872,0.008644,0.006977
0.014236,0.010994,0.007805
0.007195,0.004860,0.003181
0.115662,0.076355,0.054657
0.084900,0.054718,0.039490
0.097229,0.059937,0.041687
0.107239,0.069336,0.049713
0.009781,0.007389,0.005421
0.020325,0.015114,0.011772
0.021774,0.016266,0.013222
0.009300,0.006779,0.005070
0.014542,0.010513,0.007927
0.012207,0.007515,0.004719
0.012184,0.007454,0.004333
0.011230,0.008110,0.006081
0.008675,0.006195,0.003906
0.040100,0.025558,0.018280
0.027283,0.015083,0.009140
0.039825,0.020508,0.012825
0.085815,0.056976,0.037964
0.038269,0.023834,0.016464
0.032776,0.020218,0.013512
0.077209,0.048889,0.033813
0.036591,0.019012,0.011612
0.035706,0.018845,0.011574
0.023499,0.013824,0.009232
0.023117,0.014679,0.010330
0.022659,0.014648,0.009682
0.023026,0.014763,0.010872
0.021729,0.014648,0.010979
0.023880,0.012871,0.007252
0.023376,0.014412,0.010918
0.022964,0.013374,0.008385
0.015114,0.007339,0.004391
0.056915,0.031525,0.022461
0.206665,0.150146,0.114441
0.149780,0.114014,0.093445
0.155273,0.102295,0.074768
0.179077,0.129150,0.099121
0.026703,0.014542,0.009544
0.030518,0.017487,0.011986
0.034912,0.016830,0.010925
0.021027,0.008011,0.004974
0.015671,0.009491,0.005154
0.018173,0.011871,0.006744
0.015251,0.009659,0.005886
0.016998,0.010475,0.006195
0.015854,0.009102,0.005085
0.014679,0.009613,0.005829
0.019608,0.011932,0.007904
0.020966,0.013260,0.009186
0.023788,0.015106,0.009346
0.019791,0.012985,0.008865
0.021561,0.013695,0.009544
0.019638,0.011292,0.007263
0.014069,0.008614,0.005920
0.012688,0.008026,0.004807
0.014336,0.008430,0.005276
0.016479,0.011147,0.006569
0.027237,0.018158,0.011978
0.023895,0.015427,0.010284
0.020645,0.013054,0.008522
0.028961,0.019516,0.013046
0.019226,0.011711,0.006790
0.020325,0.012970,0.008736
0.020920,0.013062,0.008614
0.026276,0.016144,0.009644
0.016754,0.009247,0.005730
0.021545,0.013168,0.007301
0.018021,0.010277,0.006268
0.017899,0.009827,0.006237
0.011909,0.008385,0.005985
0.113708,0.070984,0.044861
0.012962,0.008354,0.005295
0.011993,0.008041,0.006306
0.012115,0.008034,0.005890
0.012016,0.007545,0.005527
0.018478,0.012222,0.010017
0.018860,0.011192,0.007988
0.022079,0.013710,0.011620
0.018997,0.009834,0.007057
0.035065,0.028442,0.024597
0.038055,0.031464,0.026947
0.594727,0.578613,0.517578
0.588867,0.474854,0.369629
0.037079,0.026352,0.017532
0.035828,0.025253,0.017136
0.035706,0.025375,0.016708
0.034637,0.023239,0.015190
0.059326,0.035797,0.022751
0.039825,0.023758,0.015091
0.037018,0.020813,0.012886
0.035553,0.020676,0.012764
0.015991,0.011581,0.008003
0.016068,0.011185,0.007881
0.183228,0.121155,0.085449
0.186768,0.124756,0.090149
0.020828,0.014977,0.010918
0.020721,0.015610,0.012375
0.025040,0.017181,0.011574
0.016403,0.012169,0.009209
0.030884,0.022583,0.016464
0.031464,0.022171,0.015587
0.106873,0.062134,0.044464
0.136597,0.084839,0.060425
0.118103,0.074158,0.053101
0.192749,0.130493,0.098999
0.080139,0.047516,0.035492
0.096069,0.059509,0.044373
0.016861,0.013924,0.011391
0.018280,0.014420,0.011398
0.015221,0.012283,0.009781
0.016891,0.013245,0.010223
0.492920,0.343018,0.256836
0.379883,0.256104,0.190186
0.525879,0.372314,0.281250
0.441406,0.302979,0.226563
0.013397,0.007889,0.004940
0.015762,0.008820,0.005177
0.016708,0.008797,0.004570
0.020859,0.011787,0.006847
0.022400,0.012436,0.006660
0.026566,0.014565,0.007942
0.026016,0.016190,0.010223
0.022995,0.013855,0.008286
0.020264,0.012321,0.007034
0.028046,0.017548,0.011314
0.026169,0.016129,0.010056
0.024811,0.015610,0.009148
0.034943,0.021164,0.015038
0.034729,0.021225,0.015602
0.035156,0.019302,0.012482
0.035645,0.020538,0.013687
0.037598,0.022781,0.016373
0.035797,0.019348,0.012383
0.097229,0.068237,0.049957
0.048920,0.040527,0.031464
0.052460,0.032410,0.022125
0.042389,0.027954,0.020874
0.279541,0.178223,0.135986
0.357910,0.225708,0.162476
0.224243,0.133545,0.094910
0.166992,0.097839,0.067932
0.014168,0.011177,0.008942
0.016541,0.013336,0.009995
0.083801,0.057312,0.039429
0.078552,0.053864,0.037445
0.020844,0.012909,0.007385
0.019989,0.012543,0.007187
0.019745,0.012192,0.006916
0.018188,0.011513,0.006805
0.020493,0.012573,0.007076
0.037262,0.019241,0.011414
0.037018,0.018890,0.011337
0.037720,0.019241,0.011925
0.022858,0.011253,0.007118
0.038391,0.019852,0.012024
0.032928,0.026566,0.024307
0.030838,0.023743,0.020828
0.033844,0.026840,0.024429
0.031311,0.024185,0.021927
0.032623,0.026474,0.023911
0.564941,0.402344,0.326660
0.442627,0.305664,0.249756
0.564941,0.406494,0.333984
0.583008,0.425049,0.339355
0.587402,0.485107,0.401123
0.024200,0.015289,0.009575
0.032074,0.021591,0.014313
0.031219,0.020233,0.012444
0.018585,0.010994,0.006268
0.021774,0.011246,0.006733
0.028061,0.016159,0.009476
0.028931,0.021362,0.019135
0.029434,0.022049,0.019852
0.031586,0.023758,0.020462
0.025223,0.018845,0.016281
0.030350,0.023117,0.020264
0.028900,0.021988,0.019318
0.595703,0.428467,0.333252
0.588379,0.403564,0.320801
0.575684,0.366455,0.283691
0.529785,0.346924,0.270996
0.589844,0.384521,0.305908
0.593262,0.397461,0.309570
0.041321,0.027222,0.018890
0.031052,0.019241,0.011978
0.030319,0.021530,0.015686
0.149658,0.097961,0.065735
0.088379,0.052582,0.033203
0.219238,0.142578,0.088867
0.039642,0.032715,0.028549
0.036194,0.030075,0.027588
0.036194,0.030365,0.027954
0.033264,0.027695,0.026016
0.595703,0.571289,0.485107
0.587402,0.517578,0.447266
0.593262,0.576660,0.504883
0.591797,0.491943,0.408203
0.033508,0.025467,0.019135
0.037201,0.030060,0.025345
0.034973,0.027390,0.021347
0.035004,0.026306,0.019745
0.274414,0.183105,0.141724
0.405029,0.266113,0.199219
0.186157,0.108643,0.073120
0.416260,0.283447,0.216797
0.011856,0.008003,0.005508
0.020874,0.015434,0.012291
0.008560,0.005493,0.004047
0.017014,0.011490,0.006802
0.356201,0.238159,0.180054
0.227905,0.148438,0.111755
0.299316,0.215576,0.169067
0.210205,0.141357,0.109558
0.033447,0.022598,0.016205
0.031494,0.020737,0.014725
0.079773,0.050201,0.036713
0.039825,0.021927,0.014053
0.040375,0.033478,0.028076
0.038055,0.031494,0.026825
0.592773,0.500977,0.397217
0.592285,0.518555,0.407471
0.029144,0.021027,0.017761
0.028549,0.019913,0.015808
0.025040,0.016815,0.012711
0.023788,0.015419,0.010986
0.411377,0.255127,0.198975
0.164307,0.086548,0.062256
0.397705,0.247925,0.197266
0.313477,0.201050,0.158691
0.028015,0.018906,0.013824
0.029312,0.020706,0.016327
0.026642,0.019104,0.014725
0.027267,0.017990,0.012627
0.029709,0.021469,0.016434
0.024368,0.014717,0.010277
0.024399,0.014786,0.010605
0.025131,0.017548,0.013512
0.022217,0.013466,0.009895
0.104919,0.061554,0.043671
0.104675,0.062195,0.043152
0.083740,0.054810,0.040192
0.208740,0.128174,0.094177
0.261475,0.165527,0.116577
0.119995,0.065979,0.045288
0.244751,0.154907,0.114807
0.064636,0.034912,0.023178
0.111816,0.062500,0.041473
0.022827,0.014793,0.010612
0.020401,0.012871,0.009010
0.016586,0.010864,0.007103
0.018372,0.011292,0.007584
0.023331,0.015961,0.012047
0.047699,0.027374,0.018204
0.049866,0.028671,0.018555
0.040955,0.023117,0.015221
0.058472,0.034576,0.024902
0.037537,0.020920,0.013641
0.016418,0.011658,0.009277
0.015060,0.010765,0.008003
0.017807,0.013153,0.010017
0.236450,0.154297,0.109009
0.246338,0.159668,0.112183
0.360352,0.243652,0.181030
0.030182,0.020813,0.013069
0.029831,0.021194,0.013405
0.023804,0.016144,0.010712
0.028915,0.019470,0.012085
0.034271,0.024506,0.016037
0.128906,0.083862,0.056122
0.119141,0.076965,0.050323
0.108032,0.067688,0.044403
0.067749,0.040741,0.025757
0.176636,0.114380,0.075562
0.026093,0.017639,0.010834
0.023087,0.015495,0.009430
0.024841,0.017731,0.011040
0.027313,0.018402,0.011215
0.158081,0.110657,0.083740
0.052216,0.031021,0.018936
0.043671,0.026077,0.016068
0.077881,0.047668,0.030365
0.014160,0.009323,0.006683
0.013718,0.008713,0.006355
0.031769,0.019974,0.016876
0.023010,0.013763,0.010277
0.030334,0.020447,0.013184
0.030914,0.022141,0.014488
0.032654,0.022552,0.014397
0.033539,0.022629,0.014290
0.036469,0.021622,0.013268
0.042206,0.027222,0.016861
0.033997,0.020340,0.012367
0.036591,0.021988,0.012733
0.035645,0.027130,0.020966
0.038727,0.031616,0.025574
0.224487,0.133057,0.092834
0.415771,0.273926,0.206421
0.025940,0.019989,0.015717
0.024475,0.017914,0.014076
0.024307,0.017960,0.013794
0.028168,0.020462,0.016022
0.027817,0.020874,0.016418
0.404541,0.269775,0.198608
0.404541,0.274414,0.213623
0.376465,0.250244,0.184937
0.381592,0.251709,0.187500
0.457520,0.319092,0.245728
0.033600,0.022232,0.013908
0.037781,0.026276,0.016953
0.034698,0.018921,0.011192
0.040100,0.022461,0.013458
0.008904,0.006184,0.004105
0.006927,0.004967,0.004292
0.011673,0.006905,0.004345
0.006363,0.004871,0.003588
0.008827,0.005360,0.003515
0.010391,0.007393,0.006271
0.007328,0.004627,0.003319
0.013718,0.006931,0.005173
0.015404,0.008057,0.005451
0.019928,0.010925,0.008629
0.013229,0.008064,0.006062
0.021774,0.011658,0.008789
0.009850,0.005123,0.003780
0.014565,0.008110,0.006546
0.011772,0.006950,0.004234
0.011429,0.006889,0.004166
0.013359,0.007713,0.004375
0.012955,0.008141,0.004673
0.014290,0.008621,0.005615
0.065186,0.036926,0.020523
0.091980,0.057892,0.036316
0.064758,0.039581,0.022400
0.045288,0.025299,0.014046
0.060760,0.036316,0.020004
0.031708,0.024368,0.018936
0.021652,0.014755,0.012611
0.374756,0.242554,0.182983
0.304443,0.196045,0.144043
0.030060,0.020447,0.013031
0.031113,0.021774,0.013893
0.030823,0.020950,0.013390
0.031219,0.021194,0.013245
0.027115,0.018478,0.011292
0.026688,0.018219,0.012344
0.028015,0.019165,0.011803
0.025375,0.015396,0.010239
0.018326,0.011276,0.007507
0.019714,0.012535,0.008934
0.032013,0.019104,0.011993
0.025909,0.014885,0.009209
0.040558,0.024002,0.014732
0.024124,0.015839,0.010979
0.030396,0.019669,0.013245
0.028122,0.017273,0.011436
0.029144,0.018387,0.012878
0.030869,0.017563,0.012108
0.031677,0.019333,0.013680
0.037628,0.022202,0.015167
0.029251,0.021790,0.019623
0.024628,0.019836,0.017487
0.029419,0.022995,0.020905
0.028656,0.022629,0.020691
0.028275,0.021271,0.017685
0.026978,0.018982,0.014725
0.026779,0.020035,0.015587
0.015251,0.010292,0.007652
0.234497,0.158447,0.125854
0.418945,0.285400,0.232056
0.152710,0.102478,0.078918
0.308594,0.200684,0.154297
0.149658,0.096008,0.073303
0.064209,0.039825,0.028671
0.095642,0.059601,0.043915
0.038452,0.022614,0.014832
0.014435,0.010139,0.007912
0.011467,0.008987,0.007046
0.012596,0.009422,0.007988
0.007446,0.006016,0.004520
0.115112,0.072205,0.054718
0.170288,0.122253,0.099609
0.065918,0.043335,0.033569
0.062134,0.036713,0.027191
0.034180,0.028015,0.026077
0.032654,0.027054,0.024918
0.592285,0.555664,0.480469
0.583496,0.455566,0.368652
0.019363,0.010567,0.006634
0.008049,0.004025,0.002501
0.018997,0.011635,0.007561
0.030121,0.018173,0.011299
0.027008,0.016113,0.010307
0.032196,0.020233,0.013412
0.020523,0.009476,0.005890
0.043365,0.024429,0.017654
0.038513,0.021393,0.015282
0.015869,0.005524,0.003395
0.074158,0.037720,0.024490
0.031174,0.019409,0.013657
0.022995,0.017563,0.012779
0.021255,0.016144,0.011879
0.595703,0.494385,0.381836
0.592285,0.485596,0.378418
0.021591,0.013107,0.008339
0.019058,0.011147,0.007397
0.024673,0.014137,0.009125
0.038177,0.021088,0.013557
0.035950,0.019333,0.012939
0.043060,0.025024,0.016815
0.071777,0.044037,0.030731
0.139404,0.086426,0.056061
0.139526,0.088135,0.059540
0.062805,0.037567,0.028839
0.111511,0.068298,0.046600
0.140991,0.091736,0.063843
0.150024,0.087402,0.056427
0.121826,0.072937,0.047272
0.160400,0.095215,0.063477
0.028168,0.019928,0.012779
0.028946,0.020142,0.012604
0.070007,0.046051,0.029861
0.048981,0.030579,0.018524
0.040070,0.024796,0.017288
0.066101,0.036407,0.025009
0.041321,0.021835,0.014008
0.037354,0.026123,0.019073
0.151245,0.089600,0.065674
0.073669,0.041199,0.026199
0.034546,0.027435,0.022064
0.028015,0.021133,0.016174
0.541016,0.368408,0.281982
0.594727,0.472168,0.376221
0.021362,0.017776,0.011444
0.021362,0.017776,0.011444
0.595215,0.512207,0.422607
0.595215,0.512207,0.422607
0.018524,0.011612,0.006474
0.016418,0.011063,0.007027
0.019638,0.012405,0.007042
0.026840,0.017334,0.010246
0.027527,0.018158,0.011093
0.031006,0.021118,0.013535
0.062134,0.039368,0.027924
0.052979,0.031616,0.021484
0.044922,0.027588,0.019608
0.031891,0.018570,0.012398
0.054626,0.030228,0.019531
0.044556,0.022629,0.014572
0.017395,0.013908,0.011162
0.014748,0.011475,0.008522
0.412354,0.283447,0.208984
0.567383,0.422607,0.327637
0.027237,0.018204,0.011955
0.023895,0.014679,0.009598
0.027924,0.018600,0.012878
0.022812,0.015022,0.009361
0.015007,0.009094,0.005516
0.028137,0.019135,0.012268
0.023102,0.015701,0.009773
0.027939,0.019928,0.013702
0.026886,0.018860,0.013412
0.033539,0.021896,0.015297
0.019058,0.010757,0.006981
0.032349,0.021378,0.014549
0.026077,0.014954,0.010338
0.006470,0.003603,0.002396
0.043884,0.030212,0.023071
0.036194,0.021835,0.015656
0.029861,0.019684,0.013573
0.048645,0.034485,0.026596
0.020981,0.014397,0.010658
0.022812,0.015533,0.011162
0.019699,0.013863,0.010277
0.022736,0.015900,0.011368
0.024384,0.016663,0.012550
0.022949,0.015671,0.011444
0.020752,0.014473,0.010674
0.060913,0.041321,0.029739
0.029785,0.020279,0.016266
0.027390,0.019165,0.015961
0.078857,0.050812,0.033875
0.148071,0.101196,0.073364
0.145874,0.093689,0.063049
0.044342,0.029297,0.022308
0.027420,0.016022,0.010834
0.031052,0.017624,0.012360
0.038788,0.021606,0.015205
0.021210,0.011932,0.007153
0.019608,0.011070,0.006535
0.021072,0.012856,0.008057
0.020462,0.011787,0.007103
0.027039,0.014137,0.009232
0.029587,0.016861,0.012772
0.034546,0.018295,0.013489
0.034210,0.018646,0.013832
0.033234,0.026794,0.024765
0.031403,0.025467,0.023682
0.027786,0.022690,0.020020
0.569336,0.393555,0.320313
0.388428,0.257080,0.194458
0.538086,0.372314,0.298584
0.016678,0.010880,0.007687
0.018021,0.012405,0.008698
0.016937,0.010948,0.007557
0.016022,0.010521,0.006836
0.018143,0.011742,0.007904
0.018951,0.012917,0.009346
0.020584,0.013634,0.008766
0.026459,0.018234,0.014053
0.040375,0.028290,0.021957
0.061829,0.038574,0.029694
0.027359,0.019424,0.014153
0.031082,0.021591,0.016861
0.025238,0.016479,0.012566
0.035156,0.022232,0.016998
0.026825,0.017609,0.011787
0.019745,0.013390,0.008797
0.148438,0.097900,0.065186
0.120422,0.073608,0.046600
0.019470,0.010872,0.006382
0.018768,0.010384,0.006508
0.025879,0.013893,0.007729
0.033203,0.018097,0.010468
0.030151,0.016571,0.008766
0.041992,0.023514,0.013344
0.024399,0.015656,0.009262
0.023773,0.015396,0.009392
0.021301,0.012650,0.007217
0.036957,0.021255,0.014702
0.040375,0.025345,0.019058
0.036438,0.019302,0.012169
0.022629,0.013474,0.009789
0.028961,0.016296,0.011063
0.023132,0.013100,0.009094
0.023270,0.014603,0.010269
0.095581,0.060364,0.041290
0.081116,0.058929,0.042572
0.020706,0.013840,0.009132
0.025192,0.015884,0.010963
0.023651,0.014748,0.009834
0.022339,0.015221,0.010712
0.016464,0.010620,0.006714
0.017441,0.011360,0.007072
0.021225,0.013031,0.008087
0.023956,0.016495,0.012589
0.024399,0.016800,0.012703
0.025146,0.016785,0.011871
0.028717,0.020111,0.016449
0.022339,0.015991,0.012001
0.026169,0.017471,0.013748
0.022141,0.014763,0.010506
0.011192,0.007694,0.005470
0.013222,0.008301,0.004997
0.030518,0.015579,0.009804
0.039703,0.020508,0.012817
0.032135,0.022079,0.014320
0.030167,0.020462,0.013451
0.032013,0.021942,0.014435
0.034973,0.023315,0.016174
0.032501,0.020096,0.012436
0.033295,0.020676,0.012871
0.033844,0.022171,0.014709
0.034058,0.022278,0.015404
0.034515,0.023392,0.016022
0.026764,0.015381,0.009064
0.022095,0.012779,0.007671
0.033325,0.019623,0.011780
0.124512,0.079529,0.058289
0.103210,0.062317,0.043823
0.182983,0.120850,0.091431
0.106201,0.063843,0.045197
0.123901,0.074890,0.055115
0.180054,0.114075,0.086487
0.014763,0.009911,0.008301
0.009438,0.006264,0.004890
0.025894,0.012741,0.008636
0.019272,0.010162,0.007542
0.026535,0.019745,0.017120
0.027527,0.020523,0.018524
0.027222,0.020126,0.017517
0.027222,0.020126,0.017517
0.582520,0.370605,0.296631
0.591309,0.390137,0.312500
0.579590,0.365479,0.286865
0.591309,0.390137,0.312500
0.024170,0.015434,0.010658
0.024155,0.014923,0.010178
0.024368,0.016068,0.012085
0.023941,0.015175,0.011131
0.025757,0.016403,0.012260
0.031677,0.020889,0.016815
0.047516,0.029373,0.022614
0.029572,0.019394,0.014870
0.045563,0.027649,0.022186
0.032959,0.021683,0.017319
0.144287,0.093079,0.062805
0.017380,0.010780,0.006844
0.020615,0.012833,0.008049
0.019745,0.012474,0.008018
0.023346,0.013977,0.008553
0.016891,0.010498,0.006477
0.015686,0.010094,0.006546
0.015900,0.009827,0.006298
0.017044,0.010590,0.006996
0.024475,0.013573,0.008377
0.021606,0.012581,0.008057
0.020370,0.012276,0.007278
0.023819,0.014351,0.009392
0.025330,0.014885,0.009285
0.032532,0.018951,0.012352
0.025192,0.014099,0.009163
0.039917,0.023468,0.015572
0.029297,0.017883,0.010880
0.032776,0.019135,0.011635
0.074219,0.041534,0.022797
0.023148,0.016434,0.011032
0.019272,0.012299,0.007538
0.032867,0.023117,0.015793
0.030960,0.021194,0.013954
0.031921,0.021896,0.015007
0.035522,0.025055,0.016846
0.031952,0.022736,0.016586
0.026352,0.017639,0.012733
0.028992,0.019745,0.013542
0.182007,0.121399,0.091492
0.119934,0.068787,0.045410
0.094421,0.054169,0.035675
0.160278,0.107788,0.081116
0.118103,0.073242,0.052124
0.016800,0.011147,0.006180
0.020264,0.013565,0.007935
0.013901,0.008797,0.005089
0.027710,0.017532,0.010872
0.021683,0.012886,0.007717
0.025970,0.016876,0.010757
0.022232,0.017899,0.015564
0.017090,0.012741,0.010155
0.015175,0.011543,0.009583
0.021210,0.016281,0.014336
0.198975,0.128296,0.093079
0.101990,0.063354,0.046600
0.144897,0.096375,0.070190
0.115234,0.074524,0.053986
0.005829,0.004749,0.003332
0.012321,0.008728,0.005470
0.006653,0.005569,0.003796
0.008141,0.005306,0.003559
0.012016,0.007988,0.006275
0.018417,0.010925,0.007431
0.005795,0.003868,0.003057
0.012894,0.008698,0.006794
0.030151,0.021713,0.015915
0.029327,0.021210,0.016190
0.028412,0.020645,0.015236
0.030762,0.022629,0.017303
0.028976,0.020996,0.016144
0.029556,0.020996,0.015472
0.031860,0.023239,0.017166
0.029694,0.021255,0.016159
0.346191,0.237793,0.185425
0.313965,0.208740,0.156738
0.214722,0.134644,0.097229
0.389404,0.261475,0.199341
0.405518,0.276123,0.209961
0.345215,0.233887,0.180176
0.379639,0.258545,0.197998
0.268311,0.175781,0.125977
0.031494,0.023499,0.020203
0.030212,0.021866,0.017548
0.028412,0.019882,0.015488
0.030136,0.022552,0.019196
0.031494,0.023499,0.020203
0.029022,0.021133,0.018555
0.027863,0.021561,0.018494
0.030212,0.021866,0.017548
0.027817,0.020599,0.017502
0.553711,0.349121,0.275146
0.590820,0.382324,0.298096
0.595215,0.394775,0.311768
0.540527,0.345703,0.270264
0.569824,0.364014,0.289307
0.523438,0.337646,0.267334
0.502930,0.325928,0.267578
0.586914,0.375732,0.292725
0.575684,0.366455,0.289795
0.021042,0.013290,0.009674
0.018463,0.011299,0.007942
0.019791,0.013512,0.009834
0.017944,0.011864,0.008179
0.180054,0.119019,0.083008
0.082886,0.052155,0.036194
0.087708,0.050903,0.034058
0.129272,0.082214,0.057861
0.015427,0.010056,0.007248
0.025314,0.016754,0.011330
0.017426,0.011086,0.007866
0.016754,0.011116,0.007133
0.016083,0.010658,0.006702
0.024216,0.015976,0.011848
0.021881,0.014313,0.010010
0.024689,0.017487,0.013466
0.020004,0.012039,0.007809
0.027802,0.019516,0.015167
0.018463,0.012520,0.007339
0.016800,0.010841,0.006824
0.016205,0.011024,0.006676
0.009071,0.004799,0.003109
0.015350,0.009689,0.007965
0.018219,0.011909,0.008476
0.027725,0.018585,0.013123
0.032104,0.022873,0.017166
0.025894,0.016586,0.011063
0.025696,0.016800,0.011421
0.110840,0.067566,0.047729
0.115784,0.068665,0.050079
0.164673,0.118042,0.082153
0.072937,0.043335,0.030457
0.020752,0.012108,0.007259
0.021408,0.012558,0.007919
0.021835,0.012520,0.007523
0.022034,0.013611,0.008812
0.021637,0.012878,0.007229
0.021912,0.012993,0.007828
0.024506,0.014732,0.010445
0.025513,0.014938,0.010948
0.027527,0.016998,0.012672
0.023468,0.014603,0.010765
0.025681,0.016373,0.012131
0.024811,0.016083,0.012253
0.018829,0.010849,0.006618
0.035095,0.018341,0.011757
0.024124,0.017120,0.012817
0.023270,0.017349,0.013321
0.019562,0.013802,0.009842
0.027603,0.019821,0.014389
0.030609,0.022171,0.016739
0.427490,0.288818,0.218506
0.239380,0.167603,0.127197
0.339600,0.226929,0.169434
0.429443,0.294678,0.224243
0.367920,0.252686,0.193115
0.019577,0.014282,0.010674
0.384766,0.259521,0.197388
0.008659,0.006653,0.004704
0.017426,0.013916,0.011375
0.012306,0.009140,0.006699
0.007912,0.005455,0.003605
0.010590,0.007973,0.006195
0.015564,0.010002,0.005985
0.036316,0.022491,0.017258
0.097900,0.062347,0.042816
0.034546,0.018723,0.012299
0.038300,0.021088,0.013580
0.033966,0.019150,0.012321
0.033112,0.018951,0.012337
0.028412,0.016739,0.009972
0.032684,0.020172,0.012733
0.027069,0.015511,0.009102
0.033234,0.020706,0.013153
0.035065,0.022720,0.015778
0.015305,0.007320,0.004093
0.025803,0.010063,0.006317
0.149292,0.084534,0.059448
0.093933,0.046173,0.031250
0.168457,0.094421,0.067444
0.021896,0.007347,0.004292
0.061859,0.027588,0.016022
0.020126,0.013931,0.009109
0.187134,0.118225,0.081238
0.029739,0.020279,0.012665
0.040558,0.024902,0.015503
0.026779,0.018951,0.013153
0.021851,0.014694,0.010506
0.028168,0.018997,0.013245
0.022949,0.015564,0.011375
0.105042,0.067017,0.046692
0.109436,0.075073,0.057159
0.150024,0.099365,0.069275
0.180298,0.121094,0.084656
0.026199,0.019272,0.017471
0.028091,0.021622,0.018951
0.028381,0.021179,0.019363
0.027069,0.020142,0.018127
0.026337,0.019836,0.018555
0.591797,0.377441,0.299561
0.584473,0.366455,0.287354
0.594238,0.391113,0.310791
0.586914,0.367920,0.291016
0.593262,0.386719,0.306885
0.029541,0.020920,0.016144
0.361816,0.240356,0.177490
0.021332,0.012474,0.007732
0.020782,0.012566,0.007835
0.022125,0.013153,0.008446
0.021866,0.013840,0.009384
0.031158,0.018524,0.014580
0.030640,0.019684,0.015602
0.049500,0.027725,0.021240
0.038574,0.022171,0.017944
0.019638,0.013229,0.008537
0.137329,0.090393,0.062103
0.018555,0.013969,0.011726
0.015976,0.012039,0.009415
0.241821,0.174683,0.142334
0.131470,0.090698,0.067017
0.032043,0.023407,0.018112
0.027786,0.018219,0.013458
0.029007,0.018997,0.013756
0.032135,0.023972,0.017929
0.030991,0.021881,0.017014
0.033752,0.025040,0.019180
0.152222,0.095764,0.072021
0.116821,0.075684,0.049713
0.175903,0.106506,0.082153
0.090149,0.051147,0.039703
0.296631,0.202148,0.157471
0.287842,0.186279,0.145386
0.027069,0.018585,0.014351
0.027863,0.020416,0.016617
0.021927,0.014999,0.011391
0.023819,0.017685,0.015579
0.024704,0.016113,0.011795
0.019989,0.012787,0.009964
0.587402,0.385254,0.311035
0.554688,0.349121,0.273926
0.570801,0.359619,0.286377
0.580078,0.375977,0.299561
0.572266,0.369873,0.294922
0.528809,0.350830,0.284912
0.008820,0.006927,0.006176
0.007092,0.006439,0.004189
0.031921,0.018661,0.014114
0.016434,0.010162,0.008141
0.023849,0.015457,0.009117
0.026367,0.018112,0.012001
0.023743,0.016159,0.010201
0.025497,0.016739,0.010963
0.013779,0.008911,0.005489
0.022583,0.014526,0.008820
0.029175,0.016418,0.011093
0.033630,0.017914,0.011528
0.041809,0.023697,0.016602
0.016357,0.009285,0.006176
0.036835,0.020935,0.013908
0.023331,0.011864,0.008110
0.110413,0.065125,0.051453
0.343018,0.211914,0.167114
0.167725,0.100098,0.078674
0.312988,0.188110,0.147095
0.041138,0.026581,0.023865
0.072083,0.044159,0.036896
0.513672,0.328857,0.271973
0.404541,0.254883,0.200684
0.556641,0.369873,0.303223
0.582031,0.390137,0.320068
0.020615,0.013962,0.009186
0.014587,0.010468,0.007332
0.025909,0.017776,0.011665
0.025299,0.016724,0.010536
0.068970,0.039001,0.026642
0.078613,0.048553,0.035339
0.061066,0.035217,0.024612
0.064026,0.040131,0.030502
0.031250,0.017609,0.010559
0.031250,0.017853,0.010963
0.032867,0.017868,0.010849
0.032623,0.017807,0.010803
0.033386,0.017929,0.010284
0.034882,0.018661,0.011124
0.045471,0.024780,0.015793
0.042786,0.024002,0.015137
0.050873,0.027115,0.017380
0.041016,0.030731,0.020584
0.157837,0.101563,0.067383
0.017639,0.010651,0.006813
0.005360,0.003269,0.002491
0.006241,0.003584,0.002573
0.005936,0.003363,0.002270
0.003544,0.001916,0.001557
0.024384,0.015610,0.010918
0.019455,0.011246,0.008194
0.005379,0.002815,0.002079
0.010704,0.006035,0.004608
0.011757,0.007126,0.006203
0.028534,0.015762,0.011383
0.019089,0.009918,0.006939
0.020676,0.012764,0.008690
0.020676,0.012825,0.008736
0.023376,0.015732,0.012115
0.021240,0.013710,0.010765
0.023224,0.014572,0.010429
0.030472,0.020599,0.015282
0.418457,0.254150,0.197998
0.335449,0.205444,0.160645
0.510742,0.318604,0.254150
0.279541,0.166382,0.124634
0.467773,0.295166,0.235718
0.379395,0.229614,0.176025
0.019562,0.012497,0.008728
0.016571,0.010567,0.007057
0.020538,0.013710,0.009766
0.020432,0.013695,0.009048
0.135132,0.088074,0.059509
0.097595,0.060944,0.042938
0.105408,0.068176,0.046722
0.070435,0.042236,0.027130
0.029526,0.021530,0.016525
0.028915,0.021194,0.016129
0.031708,0.023590,0.018585
0.029617,0.021378,0.016663
0.353760,0.239624,0.184814
0.362549,0.242188,0.188965
0.436523,0.300781,0.237915
0.479492,0.336914,0.271240
0.008232,0.004883,0.003326
0.030304,0.021057,0.014717
0.029343,0.020569,0.014107
0.030319,0.020325,0.013992
0.030396,0.021072,0.014679
0.012794,0.006947,0.005318
0.123413,0.084290,0.066956
0.088318,0.051361,0.034302
0.081421,0.052673,0.038330
0.088867,0.055664,0.039215
0.037872,0.026855,0.021103
0.037781,0.027588,0.021484
0.035583,0.023788,0.016663
0.036774,0.027573,0.023773
0.035339,0.027252,0.024338
0.035828,0.026382,0.022171
0.034607,0.026154,0.023315
0.036743,0.026123,0.019119
0.037170,0.026642,0.019791
0.366699,0.225586,0.171509
0.468262,0.298828,0.234497
0.418701,0.268311,0.210938
0.468262,0.298584,0.233276
0.542480,0.356934,0.282715
0.242432,0.137207,0.097839
0.325195,0.197021,0.149292
0.308838,0.186279,0.138794
0.239258,0.139893,0.102417
0.031769,0.024765,0.022690
0.029114,0.022293,0.020752
0.025894,0.019943,0.018021
0.033051,0.025131,0.023895
0.029938,0.023575,0.022095
0.032898,0.025757,0.023529
0.593750,0.413818,0.334229
0.590820,0.474854,0.398682
0.588867,0.415771,0.338135
0.592285,0.436279,0.357422
0.587402,0.405029,0.329102
0.596191,0.407227,0.325439
0.028214,0.018661,0.015686
0.030121,0.021042,0.017365
0.026245,0.017075,0.015030
0.026810,0.018097,0.015793
0.027054,0.016495,0.013573
0.024689,0.014931,0.012741
0.207397,0.120911,0.095642
0.232666,0.129883,0.106079
0.142090,0.076172,0.062500
0.309814,0.198730,0.158936
0.288818,0.167969,0.136475
0.116638,0.063843,0.050781
0.023895,0.014526,0.010124
0.026367,0.017303,0.011909
0.025238,0.016113,0.011093
0.026779,0.018036,0.012703
0.020462,0.011955,0.008354
0.024200,0.014732,0.010124
0.041504,0.021622,0.015587
0.061066,0.036499,0.026627
0.059052,0.033569,0.024597
0.034210,0.017334,0.012444
0.044098,0.022339,0.016235
0.039581,0.019501,0.014275
0.021912,0.013885,0.008171
0.020996,0.013039,0.007729
0.021683,0.014053,0.008560
0.037018,0.020309,0.012756
0.036987,0.020782,0.013580
0.032074,0.016937,0.010696
0.029617,0.021637,0.020737
0.031769,0.023087,0.022156
0.033508,0.023270,0.022202
0.029861,0.022095,0.020844
0.029785,0.022491,0.022049
0.032379,0.022385,0.020676
0.031097,0.023605,0.022720
0.030045,0.023026,0.022720
0.030060,0.021362,0.020340
0.031799,0.022247,0.021988
0.032990,0.023682,0.021454
0.031433,0.022812,0.019577
0.584961,0.389160,0.309814
0.588867,0.400391,0.319824
0.590820,0.436768,0.360107
0.587891,0.425537,0.344482
0.584473,0.381348,0.306152
0.592773,0.432617,0.350830
0.591797,0.496094,0.414795
0.589355,0.530273,0.446777
0.515137,0.372070,0.317383
0.594238,0.457031,0.382568
0.593262,0.481689,0.394043
0.551270,0.380859,0.308594
0.025848,0.019852,0.018326
0.025757,0.018860,0.016724
0.028076,0.021103,0.019089
0.026978,0.020706,0.018982
0.027054,0.020615,0.019104
0.029037,0.021988,0.019836
0.579590,0.379639,0.303955
0.594727,0.443604,0.364502
0.588379,0.498779,0.431885
0.583984,0.520996,0.465576
0.590820,0.408203,0.336670
0.590820,0.421143,0.350342
0.025360,0.016479,0.014168
0.024414,0.016357,0.014259
0.025330,0.015945,0.013611
0.024414,0.016357,0.014259
0.025665,0.015472,0.013443
0.025665,0.015472,0.013443
0.215820,0.115356,0.093994
0.320801,0.186768,0.156982
0.363525,0.217163,0.178467
0.159424,0.082214,0.065857
0.243530,0.127930,0.104980
0.192505,0.098816,0.079285
0.028870,0.017349,0.010765
0.033997,0.019958,0.012085
0.032776,0.019775,0.012680
0.033844,0.020905,0.013451
0.032776,0.019623,0.013031
0.032166,0.018890,0.012421
0.042847,0.026398,0.019638
0.054016,0.034546,0.025436
0.022858,0.013962,0.009590
0.025467,0.016281,0.010796
0.025787,0.015869,0.011490
0.027283,0.017944,0.012810
0.023376,0.013542,0.009163
0.033234,0.021240,0.015701
0.043396,0.027481,0.019958
0.065979,0.039734,0.027328
0.048767,0.032562,0.024673
0.043549,0.029327,0.021988
0.023422,0.017792,0.013374
0.595215,0.535645,0.425537
0.011543,0.006901,0.004650
0.011444,0.007236,0.004704
0.007504,0.005096,0.003408
0.011597,0.007145,0.004353
0.010551,0.006050,0.003506
0.004543,0.003828,0.002872
0.018906,0.009850,0.006573
0.022629,0.010811,0.007492
0.013275,0.007439,0.005360
0.022064,0.011604,0.008110
0.013924,0.008835,0.006710
0.008232,0.005596,0.004032
0.034912,0.018692,0.010834
0.035248,0.018845,0.011017
0.039948,0.020676,0.012344
0.037689,0.019943,0.011818
0.074585,0.043518,0.028992
0.062500,0.038086,0.026215
0.025406,0.017334,0.012146
0.026428,0.017929,0.012886
0.028275,0.020035,0.014633
0.022583,0.015053,0.010208
0.027298,0.019272,0.014565
0.026764,0.019119,0.014275
0.042267,0.028625,0.022552
0.181519,0.130493,0.104980
0.155518,0.112244,0.088684
0.325684,0.238281,0.188354
0.037201,0.026367,0.021179
0.054749,0.037048,0.030441
0.024445,0.015839,0.011765
0.020203,0.012375,0.008232
0.019989,0.011505,0.007591
0.084717,0.038788,0.028503
0.195068,0.112305,0.087891
0.482910,0.301758,0.241089
0.028107,0.021255,0.019562
0.028290,0.021500,0.019608
0.027771,0.020798,0.018433
0.029053,0.022232,0.020340
0.027176,0.020737,0.018082
0.595215,0.406006,0.323242
0.595215,0.406738,0.325195
0.589355,0.377686,0.296387
0.585449,0.384521,0.306152
0.562988,0.354980,0.277100
0.020462,0.011955,0.008354
0.021439,0.012611,0.008598
0.013680,0.007595,0.005165
0.014557,0.009064,0.005844
0.008080,0.004784,0.003347
0.008080,0.004784,0.003347
0.021179,0.010315,0.007450
0.021179,0.010315,0.007450
0.017853,0.009445,0.008057
0.033173,0.015854,0.011848
0.033173,0.015854,0.011848
0.019089,0.009918,0.006939
0.030106,0.020676,0.014191
0.029892,0.020370,0.013741
0.050598,0.025772,0.015884
0.052032,0.028671,0.018036
0.028122,0.019577,0.016449
0.028137,0.020279,0.017426
0.029236,0.020966,0.016998
0.029236,0.020966,0.016998
0.025085,0.016983,0.015297
0.025360,0.018021,0.015045
0.457764,0.292480,0.236938
0.496338,0.341797,0.282715
0.496338,0.341797,0.282715
0.457764,0.292480,0.236938
0.473633,0.322021,0.259277
0.494141,0.322021,0.275146
0.025772,0.015747,0.010933
0.027878,0.017944,0.012680
0.024887,0.014786,0.010422
0.025833,0.016678,0.011681
0.023193,0.013458,0.009644
0.022156,0.012733,0.009109
0.038910,0.019226,0.013718
0.049194,0.026001,0.018021
0.042847,0.022217,0.015236
0.038239,0.018814,0.013435
0.034149,0.016373,0.011276
0.032715,0.015205,0.010941
0.016922,0.010521,0.006989
0.015312,0.009689,0.006451
0.016617,0.010490,0.006802
0.017639,0.010612,0.007423
0.017029,0.010765,0.007526
0.018234,0.011467,0.007408
0.030838,0.019974,0.013863
0.019028,0.011360,0.007317
0.021667,0.013191,0.009361
0.048859,0.030228,0.020309
0.029907,0.018188,0.012085
0.038361,0.024323,0.015869
0.020523,0.013496,0.008293
0.022812,0.014862,0.008858
0.024902,0.016678,0.010796
0.014252,0.009514,0.006207
0.036163,0.020401,0.013596
0.044403,0.026077,0.018448
0.035919,0.021759,0.015312
0.046173,0.025253,0.016571
0.025970,0.017685,0.012756
0.026306,0.018692,0.013382
0.022003,0.014084,0.010063
0.086609,0.055115,0.039063
0.090698,0.053925,0.037842
0.081909,0.051331,0.035828
0.020050,0.011742,0.007259
0.015839,0.009384,0.006035
0.020691,0.013046,0.008026
0.026382,0.015381,0.009476
0.021317,0.012230,0.007488
0.027954,0.015503,0.008881
0.021378,0.012367,0.007355
0.019409,0.012634,0.007950
0.027405,0.014999,0.008919
0.025162,0.016632,0.012306
0.023788,0.015419,0.010986
0.020798,0.013237,0.009247
0.028412,0.019882,0.015488
0.023788,0.015419,0.010986
0.025162,0.016632,0.012306
0.388672,0.249756,0.198120
0.417969,0.266602,0.212158
0.502441,0.329590,0.267334
0.417969,0.266602,0.212158
0.397705,0.247925,0.197266
0.388672,0.249756,0.198120
0.011940,0.007668,0.005177
0.016281,0.009903,0.005772
0.007668,0.005302,0.003403
0.022324,0.012840,0.008904
0.025055,0.013405,0.009262
0.010277,0.007252,0.005207
0.031464,0.023224,0.018707
0.030685,0.022812,0.017822
0.419922,0.276367,0.218506
0.472412,0.320068,0.257568
0.015526,0.009552,0.006016
0.017548,0.010544,0.007343
0.017532,0.010834,0.007366
0.018692,0.011818,0.007843
0.018433,0.011772,0.007668
0.019775,0.011856,0.007793
0.021271,0.011917,0.008736
0.020416,0.012024,0.008636
0.020767,0.012115,0.008293
0.021271,0.012123,0.008698
0.035919,0.017426,0.012726
0.040619,0.018463,0.013283
0.037872,0.017288,0.012619
0.034760,0.016357,0.011909
0.004841,0.004204,0.002884
0.010086,0.007809,0.005650
0.022079,0.014435,0.010353
0.018692,0.011635,0.008156
0.023788,0.015419,0.010986
0.018692,0.011635,0.008156
0.027039,0.018311,0.013664
0.502441,0.329590,0.267334
0.580566,0.378906,0.305420
0.544922,0.347412,0.275879
0.528809,0.350830,0.284912
0.548828,0.346924,0.276611
0.035553,0.026062,0.020752
0.035004,0.025162,0.020126
0.035217,0.024078,0.017181
0.035675,0.026733,0.022598
0.036194,0.025116,0.017685
0.460693,0.289551,0.230835
0.592285,0.429443,0.346191
0.581543,0.421387,0.352051
0.364502,0.222900,0.172241
0.462158,0.302002,0.242554
0.029388,0.022720,0.021988
0.033417,0.023804,0.023026
0.033173,0.022949,0.022324
0.030228,0.023087,0.021713
0.031143,0.022720,0.022232
0.591797,0.427246,0.354492
0.591309,0.465088,0.388916
0.593262,0.430420,0.357178
0.591797,0.445313,0.371826
0.592773,0.426514,0.353271
0.025909,0.014832,0.012024
0.023178,0.013115,0.010948
0.025238,0.013855,0.011009
0.024185,0.013481,0.011238
0.029541,0.017960,0.012268
0.029388,0.017929,0.012970
0.074341,0.038147,0.029633
0.088013,0.050323,0.040833
0.068604,0.038361,0.031342
0.047729,0.026871,0.020309
0.050690,0.027359,0.021225
0.058716,0.038025,0.030212
0.030807,0.022659,0.018860
0.031586,0.023758,0.020462
0.451416,0.285156,0.223633
0.540527,0.345703,0.270264
0.022354,0.013199,0.007980
0.022598,0.013824,0.008583
0.023636,0.015213,0.011391
0.024750,0.016052,0.012535
0.029739,0.016663,0.010391
0.029861,0.017410,0.011253
0.031311,0.019974,0.013641
0.032562,0.018066,0.011276
0.032471,0.018661,0.011826
0.031464,0.019714,0.012886
0.050018,0.027985,0.019073
0.053253,0.029343,0.020035
0.107971,0.065491,0.046967
0.075867,0.044830,0.031982
0.026855,0.017166,0.012032
0.028442,0.018188,0.013863
0.025269,0.015915,0.010727
0.051971,0.032806,0.024933
0.065491,0.042542,0.030228
0.089905,0.060852,0.045624
0.026962,0.020355,0.015121
0.026962,0.020355,0.015121
0.026825,0.019058,0.014160
0.026855,0.019333,0.014893
0.025223,0.017792,0.013397
0.201660,0.146362,0.125122
0.056732,0.037079,0.030823
0.043732,0.030243,0.026123
0.338623,0.242554,0.194824
0.076904,0.049469,0.043640
0.023560,0.014183,0.012779
0.023560,0.014183,0.012779
0.024506,0.014046,0.012291
0.024506,0.014046,0.012291
0.113098,0.061188,0.049774
0.086243,0.046509,0.037598
0.150146,0.080811,0.066528
0.086243,0.046509,0.037598
0.028961,0.017410,0.011940
0.029785,0.018112,0.012726
0.039185,0.025238,0.018936
0.030472,0.017502,0.012459
0.042206,0.026764,0.019958
0.074524,0.055603,0.044220
0.033234,0.021606,0.015305
0.034393,0.022110,0.015129
0.032013,0.020233,0.014458
0.034393,0.022110,0.015129
0.150635,0.095215,0.070068
0.141602,0.084656,0.061096
0.175903,0.109314,0.080139
0.210205,0.129272,0.095520
0.028412,0.019775,0.013649
0.058716,0.034729,0.024033
0.026611,0.020294,0.018097
0.027054,0.020615,0.018631
0.028900,0.021988,0.019318
0.591309,0.374023,0.296875
0.593262,0.384766,0.300537
0.591309,0.372070,0.289063
0.028793,0.020767,0.015930
0.028809,0.020599,0.015625
0.026855,0.020172,0.014893
0.400879,0.278564,0.210327
0.417236,0.293945,0.224609
0.395020,0.274902,0.216187
0.030975,0.022980,0.019730
0.031082,0.022919,0.019867
0.033905,0.023529,0.018326
0.032166,0.023361,0.019394
0.523926,0.375977,0.305664
0.557129,0.425049,0.361328
0.391357,0.251221,0.195190
0.383789,0.235962,0.181641
0.016342,0.010117,0.006721
0.016571,0.010468,0.006847
0.020813,0.013527,0.008919
0.080566,0.051971,0.033691
0.063904,0.038055,0.025543
0.073486,0.046539,0.031281
0.025757,0.018860,0.016724
0.023941,0.017212,0.014679
0.026703,0.019821,0.017441
0.029510,0.022171,0.020035
0.593750,0.466797,0.385742
0.576172,0.388672,0.312256
0.591309,0.473877,0.389404
0.562500,0.392578,0.310059
0.026184,0.014320,0.008041
0.026627,0.014664,0.008598
0.029770,0.017303,0.010559
0.028534,0.016495,0.010292
0.030426,0.011688,0.006618
0.054443,0.023331,0.013916
0.053284,0.025345,0.016373
0.041779,0.017288,0.010170
0.028030,0.021515,0.019897
0.025253,0.019592,0.018005
0.581543,0.385986,0.309082
0.578613,0.377686,0.304199
0.028107,0.020935,0.018585
0.027649,0.020828,0.017960
0.589355,0.377686,0.296387
0.562988,0.354980,0.277100
0.022202,0.013252,0.009186
0.022675,0.014305,0.009781
0.022736,0.013847,0.008865
0.031525,0.019775,0.015144
0.047485,0.026993,0.021744
0.027954,0.017776,0.013481
0.026382,0.019867,0.017059
0.583496,0.383057,0.303711
0.018570,0.011673,0.008339
0.018356,0.011108,0.008080
0.024490,0.014977,0.010216
0.024384,0.015182,0.010651
0.021332,0.014130,0.009720
0.026077,0.016403,0.011269
0.029785,0.017426,0.011940
0.025497,0.015884,0.011436
0.027786,0.017014,0.012489
0.038727,0.023880,0.016556
0.029007,0.017303,0.012062
0.032257,0.018936,0.012840
0.020615,0.013680,0.009911
0.023453,0.016006,0.011566
0.019379,0.013222,0.009438
0.018555,0.012047,0.008217
0.032104,0.023605,0.018982
0.034790,0.026703,0.022156
0.026917,0.019196,0.015572
0.031464,0.023392,0.019089
0.034149,0.020432,0.014397
0.032593,0.020004,0.013489
0.041962,0.023209,0.015312
0.031204,0.020432,0.014679
0.031311,0.020111,0.013794
0.036591,0.021881,0.015793
0.031311,0.020493,0.015366
0.051422,0.029449,0.021683
0.061066,0.035522,0.027405
0.100403,0.060211,0.043732
0.127686,0.076050,0.055725
0.201050,0.122803,0.094727
0.077881,0.045532,0.032471
0.099487,0.057587,0.040863
0.120239,0.069763,0.051514
0.028046,0.019974,0.015045
0.428955,0.300781,0.230957
0.030975,0.019012,0.011902
0.031403,0.019989,0.013466
0.034149,0.020157,0.013023
0.058868,0.032745,0.022171
0.078796,0.043701,0.029617
0.164185,0.101196,0.080872
0.096130,0.056732,0.045929
0.090332,0.054077,0.044159
0.280029,0.159424,0.123169
0.125366,0.072571,0.058472
0.261963,0.157227,0.122070
0.398438,0.246460,0.197144
0.554688,0.388672,0.315918
0.391602,0.254150,0.207275
0.555664,0.401855,0.328857
0.022232,0.014740,0.009941
0.026474,0.016251,0.011292
0.050812,0.030548,0.021072
0.034668,0.019333,0.013489
0.030319,0.018417,0.013809
0.031982,0.016785,0.013947
0.032410,0.018906,0.013885
0.045044,0.024658,0.020279
0.049530,0.030487,0.023178
0.055847,0.029831,0.024643
0.031647,0.017960,0.010933
0.032959,0.018158,0.010689
0.032074,0.018066,0.011292
0.005650,0.003092,0.002449
0.002567,0.001481,0.001635
0.014420,0.007980,0.005718
0.015182,0.008774,0.007542
0.024872,0.014565,0.010193
0.025833,0.015518,0.010452
0.022034,0.012352,0.008751
0.022690,0.012787,0.008270
0.032959,0.017654,0.012115
0.029800,0.014969,0.010391
0.031250,0.016846,0.011635
0.027695,0.013550,0.009583
0.032440,0.022018,0.016281
0.031143,0.020325,0.014603
0.032715,0.020660,0.013840
0.030106,0.020401,0.016617
0.031830,0.022659,0.018555
0.029099,0.020569,0.017349
0.033081,0.021454,0.014755
0.034637,0.023178,0.016754
0.020798,0.013237,0.009247
0.018692,0.011635,0.008156
0.020416,0.013573,0.010345
0.020416,0.013573,0.010345
0.227661,0.126099,0.090942
0.467773,0.295166,0.235718
0.423096,0.264648,0.206299
0.152954,0.078125,0.053802
0.107788,0.049622,0.031494
0.100525,0.044708,0.028122
0.315430,0.184814,0.135986
0.174561,0.093262,0.065674
0.482910,0.301758,0.241089
0.482910,0.301758,0.241089
0.544922,0.347412,0.275879
0.576172,0.388672,0.312256
0.049286,0.030167,0.024918
0.037933,0.024216,0.020187
0.057129,0.035370,0.029083
0.042236,0.026505,0.022888
0.088623,0.050415,0.038452
0.110779,0.064209,0.050354
0.124756,0.070618,0.052734
0.157837,0.092285,0.071289
0.254150,0.158813,0.123352
0.324463,0.207642,0.167236
0.033783,0.021790,0.014427
0.033875,0.021683,0.014328
0.035706,0.023941,0.015869
0.035706,0.023941,0.015869
0.033600,0.022415,0.014786
0.155884,0.087646,0.062012
0.224365,0.132935,0.097168
0.224365,0.132935,0.097168
0.185547,0.105530,0.075745
0.291748,0.173096,0.130249
0.031616,0.022385,0.018097
0.032959,0.022766,0.018051
0.032898,0.021561,0.015961
0.030807,0.021179,0.016861
0.030151,0.019943,0.014786
0.375977,0.241821,0.191528
0.317139,0.196777,0.151001
0.257080,0.157837,0.118286
0.206665,0.123535,0.091492
0.308350,0.189331,0.147705
0.032013,0.020233,0.014458
0.033478,0.021622,0.015518
0.031616,0.020615,0.014648
0.162231,0.093872,0.068604
0.152954,0.088318,0.064880
0.261963,0.164795,0.123291
0.023941,0.017212,0.014679
0.026703,0.019821,0.017441
0.029099,0.020569,0.017349
0.585449,0.402588,0.323975
0.585449,0.402588,0.323975
0.562500,0.392578,0.310059
0.031982,0.016785,0.013947
0.038330,0.023056,0.020294
0.045044,0.024658,0.020279
0.056854,0.033600,0.028351
0.055847,0.029831,0.024643
0.074829,0.044250,0.037476
0.035706,0.024506,0.018158
0.036407,0.024902,0.017471
0.272949,0.169678,0.127563
0.272949,0.169678,0.127563
0.021225,0.012238,0.008781
0.020950,0.012154,0.008408
0.020920,0.011757,0.008644
0.020950,0.012154,0.008408
0.020447,0.011406,0.008423
0.028564,0.014030,0.010788
0.028564,0.014030,0.010788
0.025833,0.012688,0.009338
0.024475,0.011673,0.008202
0.028564,0.014030,0.010788
0.018692,0.011635,0.008156
0.019348,0.012016,0.009071
0.544922,0.347412,0.275879
0.576172,0.388672,0.312256
0.022919,0.012436,0.008469
0.023468,0.012146,0.008263
0.023468,0.012146,0.008263
0.020355,0.011032,0.008186
0.021027,0.010696,0.007996
0.020447,0.011406,0.008423
0.022919,0.012436,0.008469
0.022568,0.012077,0.008293
0.023331,0.012009,0.008453
0.021896,0.010872,0.007660
0.023331,0.012009,0.008453
0.024017,0.011635,0.008163
0.024017,0.011635,0.008163
0.040344,0.025696,0.023895
0.039581,0.025772,0.024307
0.033813,0.023193,0.022476
0.041626,0.026657,0.024826
0.594727,0.477783,0.389404
0.589355,0.452881,0.374268
0.592773,0.502930,0.419434
0.576172,0.394775,0.320801
0.027588,0.016907,0.011192
0.025970,0.016647,0.011665
0.029770,0.017303,0.010559
0.068115,0.036804,0.025955
0.072571,0.031113,0.018463
0.109131,0.058533,0.041016
0.018829,0.011597,0.008209
0.018646,0.011009,0.007557
0.024704,0.014984,0.011116
0.021484,0.012787,0.009415
0.022675,0.013550,0.009727
0.027145,0.016586,0.012138
0.029099,0.020569,0.017349
0.554199,0.365479,0.294922
0.033722,0.022858,0.021255
0.038727,0.026260,0.024796
0.050598,0.032043,0.027557
0.074768,0.047241,0.039795
0.034912,0.022583,0.019836
0.520508,0.390137,0.337891
0.574707,0.496582,0.426758
0.546875,0.400146,0.330078
0.398438,0.255859,0.208008
0.437744,0.301025,0.257324
0.031281,0.023148,0.019821
0.030502,0.022797,0.019699
0.032715,0.022736,0.018280
0.031281,0.023148,0.019821
0.507324,0.336426,0.261475
0.368164,0.221924,0.168945
0.313477,0.186768,0.141724
0.368164,0.221924,0.168945
0.041290,0.028503,0.027008
0.082458,0.052429,0.043579
0.577637,0.462158,0.391846
0.560547,0.402588,0.345459
0.108521,0.065979,0.052063
0.098206,0.059631,0.047211
0.212769,0.128906,0.102173
0.243896,0.153564,0.122620
0.331299,0.209473,0.166382
0.297852,0.184570,0.145996
0.022507,0.013916,0.009819
0.157227,0.083679,0.058167
0.032196,0.019348,0.012291
0.033936,0.021179,0.013557
0.082764,0.037567,0.022797
0.082764,0.037567,0.022797
0.031830,0.022659,0.018555
0.034637,0.023178,0.016754
0.423096,0.264648,0.206299
0.261963,0.150269,0.109192
0.012108,0.007431,0.004944
0.017181,0.010956,0.007919
0.020630,0.014671,0.012741
0.020538,0.014320,0.012909
0.025864,0.015442,0.010399
0.026627,0.015808,0.010872
0.022461,0.012604,0.008591
0.027924,0.015167,0.010231
0.024887,0.011986,0.008278
0.027878,0.015450,0.010857
0.036194,0.025040,0.017181
0.196655,0.120178,0.088989
0.066956,0.040710,0.033997
0.168701,0.097229,0.076172
0.243652,0.145752,0.115845
0.030350,0.023117,0.020264
0.590820,0.382324,0.298096
0.018936,0.012192,0.007141
0.023087,0.011101,0.006767
0.035370,0.023071,0.015915
0.034271,0.023468,0.018066
0.136475,0.071289,0.049072
0.216675,0.123108,0.089050
0.026352,0.015793,0.011284
0.026749,0.016159,0.011726
0.027390,0.016296,0.011772
0.034576,0.023117,0.016418
0.033295,0.020844,0.013229
0.034180,0.023193,0.015869
0.035004,0.023300,0.017258
0.033478,0.023209,0.017242
0.242676,0.147095,0.107849
0.195679,0.114624,0.081970
0.391357,0.251221,0.195190
0.341064,0.212402,0.163330
0.270752,0.158569,0.119202
0.034119,0.022598,0.014885
0.035217,0.024078,0.017181
0.035553,0.024124,0.016357
0.272705,0.162476,0.122192
0.364502,0.222900,0.172241
0.341064,0.212402,0.163330
0.025223,0.017929,0.013245
0.023468,0.016220,0.012016
0.036041,0.027023,0.022964
0.032684,0.024368,0.021301
0.015137,0.009132,0.005543
0.014938,0.009132,0.005718
0.010735,0.006889,0.004429
0.017105,0.012466,0.009003
0.026688,0.017593,0.010849
0.024658,0.015854,0.011429
0.020477,0.012573,0.008858
0.041138,0.026581,0.023865
0.032166,0.020737,0.017548
0.031769,0.023087,0.022156
0.031494,0.024796,0.021957
0.022491,0.013313,0.008537
0.027954,0.020584,0.016785
0.013588,0.009735,0.007221
0.024811,0.015343,0.009720
0.027176,0.020203,0.018234
0.031174,0.020584,0.015121
0.034271,0.023468,0.018066
0.015602,0.011650,0.007473
0.024872,0.016541,0.010742
0.045807,0.036682,0.028992
0.013641,0.011932,0.010345
0.010857,0.008209,0.005970
0.011307,0.008492,0.005432
0.017014,0.010490,0.006821
0.027145,0.018860,0.011726
0.033508,0.023407,0.015244
0.013718,0.008553,0.005432
0.028656,0.018311,0.012352
0.028763,0.019760,0.013641
0.026581,0.018585,0.012680
0.014534,0.010406,0.008278
0.035645,0.025223,0.019501
0.040955,0.030228,0.020050
0.031555,0.025711,0.024139
0.011238,0.008873,0.006634
0.008514,0.006641,0.004368
0.036957,0.032410,0.028412
0.035278,0.031677,0.028061
0.022202,0.014648,0.009003
0.028259,0.019287,0.013672
0.020920,0.011757,0.008644
0.030121,0.024536,0.020294
0.023193,0.013733,0.008133
0.016602,0.010864,0.007557
0.030426,0.023056,0.021179
0.020477,0.013031,0.006981
0.034210,0.023911,0.014915
0.023453,0.018417,0.015327
0.032074,0.025360,0.024002
0.036194,0.025116,0.017685
0.033478,0.023209,0.017242
0.023788,0.017975,0.013374
0.036743,0.027283,0.019043
0.018799,0.012634,0.008667
0.041443,0.029388,0.019119
0.021042,0.012207,0.008499
0.028946,0.021591,0.016235
0.060730,0.035614,0.022812
0.076172,0.046631,0.028595
0.125488,0.078491,0.054382
0.263428,0.168945,0.117554
0.025833,0.016357,0.011620
0.068909,0.044556,0.033447
0.066956,0.034424,0.024857
0.572266,0.374756,0.300537
0.308350,0.189331,0.147705
0.590820,0.436768,0.360107
0.355957,0.233887,0.179199
0.025360,0.016876,0.012886
0.119019,0.077820,0.058533
0.070374,0.042236,0.029190
0.121094,0.090942,0.071167
0.592285,0.375488,0.295898
0.152954,0.088318,0.064880
0.313477,0.186768,0.141724
0.593262,0.424805,0.324707
0.043793,0.027084,0.021057
0.572754,0.366211,0.273926
0.393799,0.277344,0.201294
0.240112,0.177856,0.125854
0.247314,0.168091,0.125854
0.057922,0.032776,0.020523
0.050049,0.030457,0.019531
0.156006,0.097229,0.062988
0.022888,0.015251,0.010117
0.039276,0.020813,0.013382
0.020279,0.012207,0.008057
0.210327,0.135864,0.092834
0.193970,0.097473,0.067444
0.207642,0.118286,0.076965
0.058868,0.033630,0.021851
0.592285,0.510742,0.416016
0.117065,0.085205,0.061646
0.119263,0.086121,0.061584
0.126343,0.070679,0.040192
0.212646,0.145508,0.098022
0.036774,0.021378,0.014061
0.102295,0.069397,0.052155
0.024887,0.011986,0.008278
0.592285,0.514160,0.401855
0.091431,0.053589,0.034149
0.021164,0.013268,0.008728
0.593750,0.426514,0.349609
0.037048,0.018555,0.011536
0.074097,0.037323,0.022858
0.390869,0.244019,0.183105
0.558105,0.398926,0.333740
0.291748,0.173096,0.130249
0.391357,0.251221,0.195190
0.553223,0.351318,0.252930
0.308594,0.204224,0.138794
0.288086,0.187988,0.129150
0.240845,0.162720,0.117737
0.029800,0.014969,0.010391
0.456543,0.321533,0.258057
